"quartet" "cluster" "phylo" "mutual" "shared"
"mb49" 0.709447798046194 0.0646510579002516 0.333133459901684 0.172214634790452 0.119135011573671
"mb50" 0.912612160731204 0.0387179469880562 0.810527408743925 0.237337580223551 0.116150257596524
"mb51" 0.81620091567089 0.0475421992989518 0.606900036678758 0.21461999202986 0.134219722719507
"mb52" 0.693018502934458 0.0726922586740716 0.135989895758827 0.176903540446508 0.0853659309146751
"mb53" 0.771368182286834 0.0400154644018099 0.663084265407433 0.234939283460677 0.111554690806256
"mb54" 0.75554307079826 0.0593419088036202 0.374986838062098 0.211362087531124 0.134715117056829
"mb55" 0.876405648267009 0.0371102607295695 0.838538417557897 0.233886884305249 0.11562221544241
"mb56" 0.997124731869837 0.0433926115482785 0.989571011542916 0.276746086087446 0.140420299843868
"mb57" 0.745792049659783 0.0774078457608604 0.249212579936181 0.209770002122681 0.138590273367959
"mb58" 0.783060275851558 0.055367823946661 0.551043498020299 0.185256378630911 0.12933194652323
"mb59" 0.771915172969694 0.0762725294024766 0.230211613948996 0.218095685055312 0.119158535323326
"mb60" 0.681744842028173 0.077772137089004 0.135474910253505 0.182130062159447 0.0984675596283808
"mb61" 0.778836588303052 0.0367616579035649 0.734116473080933 0.226334718854719 0.108356317809778
"mb62" 0.688912137157847 0.0806006350025917 0.094093470045001 0.179076886111394 0.101890646350648
"mb63" 0.702318013707598 0.0752886683365781 0.135068850626117 0.180797618369307 0.110184837245521
"mb64" 0.810775037992058 0.0412709580697496 0.683953295732235 0.241939983379705 0.115908570132318
"mb65" 0.791710707347462 0.070705523392841 0.291328273594159 0.223769193834048 0.12968331003829
"mb66" 0.580053587895799 0.0696948454925778 0.0100957595193244 0.130185975761048 0.0612521964973594
"mb67" 0.903039383561644 0.0312400542514534 0.895761494736513 0.196881817901653 0.0953226089571561
"mb68" 0.831295012909363 0.0303758252158722 0.842185500295359 0.191304701022482 0.0930791024876785
"mb69" 0.850738824116217 0.0329834543255006 0.820951863262226 0.204960526793992 0.0985555988017461
"mb70" 0.755298532079828 0.0433310821929173 0.579500077846923 0.1962249303089 0.10979513612412
"mb71" 0.757790277391621 0.0511110054748045 0.481782370745777 0.193153582100243 0.122359955402113
"mb72" 0.581918238993711 0.0726773291375312 0 0.129338583970945 0.0615354333602877
"mb73" 0.949648197009675 0.0303411391579023 0.926335376746834 0.193907412796582 0.092939570115134
"mb74" 0.726391068095859 0.078256339276348 0.218005697951042 0.200026933353536 0.117081792841289
"mb75" 0.713894403069585 0.0811578239146177 0.158031973330869 0.197168098534544 0.1051481614481
"mb76" 0.667978989444506 0.0773116756284128 0.05226184872807 0.165524560049838 0.0631846725229339
"mb77" 0.76748914656262 0.0329846064589749 0.747444174345271 0.203906163386295 0.0954180593321104
"mb78" 0.835316119147402 0.0421209585241297 0.717286940389323 0.195335677508301 0.118750168467183
"mb79" 0.784242755085088 0.0488285255503801 0.581946990214958 0.184422695855232 0.123652075817853
"mb80" 0.684291613564443 0.0647581221676831 0.239960964351353 0.159514905210766 0.104040016610845
"mb81" 0.787484470018963 0.0631329540344205 0.399292799113491 0.230268918522302 0.143123484242
"mb82" 0.834395239850455 0.0385206007629404 0.72330903598562 0.232364176500763 0.110884351169623
"mb83" 0.871327614560647 0.0430993400338454 0.778954212147472 0.262479555141165 0.129086496950795
"mb84" 0.785837006050646 0.0291020513388658 0.795588056153792 0.179902713093239 0.0858795377387947
"mb85" 0.638403578236225 0.0744739607598346 0.0828757665460277 0.159651974603391 0.0829322687855892
"mb86" 0.774651024651025 0.0307097212520857 0.723218951698357 0.18705695366522 0.0840752107938859
"mb87" 0.642204882076199 0.0663396559795054 0.104430175436525 0.152953914848523 0.0624479007251151
"mb88" 0.717027826401883 0.0291262060508451 0.708091081816354 0.174466040275087 0.0812688673936223
"mb89" 0.645713029166195 0.0741324383147272 0.0418916342741785 0.155996067191537 0.0593769327541651
"mb90" 0.813290755487287 0.045360578607229 0.615733413480615 0.206052131227662 0.121912867377564
"mb91" 0.703011635326648 0.0523670950151246 0.404525583243133 0.164605241962486 0.104979937668497
"mb92" 0.693756666286535 0.064883539004732 0.218860795206402 0.174971726229077 0.115073434058349
"mb93" 0.617785318873763 0.0736642764194756 0.0314083980295459 0.146843832865999 0.0584677745885653
"mb94" 0.617949553619927 0.0726795435370166 0.0307301159452423 0.146563988715321 0.0702167607579508
"mb95" 0.728693191081432 0.0556880984026236 0.375552497250145 0.181939089114007 0.121746141950105
"mb96" 0.740608654303376 0.0312266469449349 0.694804335695997 0.183935074971316 0.0846877642333716
"mb97" 0.664332034306699 0.0502981705407056 0.374652600312355 0.158744427125493 0.100140388907733
"mb98" 0.663902354859716 0.064622408463736 0.197925660682486 0.15019818196363 0.0907277956015732
"mb99" 0.688355680647035 0.0690576305195107 0.15599945637333 0.174098501416395 0.117094751158901
"mb100" 0.828712278025929 0.0484694338204193 0.678888388027307 0.187656882889084 0.129563461728096
"mb101" 0.580596987428814 0.0696698772803692 0.0100650136832328 0.131568088452344 0.0610361173492298
"mb102" 0.610361117937552 0.0723962989213314 0.0104671627391656 0.143060210791793 0.0694507128094157
"mb103" 0.718657781209608 0.0720148355352217 0.13869176122829 0.187916310364158 0.0852764878808255
"mb104" 0.769174622638755 0.0357943296265254 0.521544956055181 0.16560032171856 0.0916486390455519
"mb105" 0.71793373285127 0.0720644205279727 0.160082224051861 0.189755830475429 0.0780232901758902
"mb106" 0.626534535942367 0.0737109139321185 0.0417533643571213 0.150638739950673 0.0584850814039243
"ufb1" 0.586657698211483 0.0685119390913715 0.052094003899502 0.13454788222274 0.0726459396656162
"ufb2" 0.691365050249452 0.0569889848348699 0.343961899709674 0.163774930370337 0.109555571024597
"ufb3" 0.715697122984508 0.0264108438303434 0.736748888660599 0.161971763483813 0.0738407400905264
"ufb4" 0.685688324431147 0.0630004436358357 0.250481064077193 0.169400392894759 0.113375310546943
"ufb5" 0.786098469176665 0.0281283292931645 0.791625748087731 0.17097957316091 0.0820875795681714
"ufb6" 0.634186638104164 0.0735948909304218 0.052241499517147 0.154387489485292 0.066562531205889
"ufb7" 0.745167706181088 0.0474030771615748 0.460566772611638 0.19974291159581 0.112378589084965
"ufb8" 0.666542039133046 0.0429889979746321 0.417655024221003 0.156418449768472 0.0980089177918505
"ufb9" 0.683209559173569 0.076012266850891 0.136520064366171 0.175307250595518 0.10539726072397
"ufb10" 0.763454662143577 0.0494189319257511 0.480482948203715 0.214603387687083 0.12132685157166
"ufb11" 0.802563817568819 0.0475677387273116 0.634188577524442 0.185876951392841 0.118580770324788
"ufb12" 0.667840793187694 0.0450959755200439 0.39719421245357 0.163786758386017 0.0954914944019039
"ufb13" 0.766950906531998 0.0515437073789004 0.501333614761182 0.195728534325416 0.123176025222655
"ufb14" 0.759892318471807 0.0503413493623594 0.460565387341711 0.216901224022754 0.129374297862283
"ufb15" 0.630343913108955 0.0704564829722482 0.0622528865458755 0.1506654706281 0.0736414240915116
"ufb16" 0.652787259622646 0.0744363611385307 0.0844272703581882 0.166612855606978 0.0859500707542037
"ufb17" 0.598350281873219 0.0705761717559986 0.0625913647601156 0.140652789113022 0.0802075666213721
"ufb18" 0.573503486677575 0.0658922373442018 0.0104694660098486 0.127254002657969 0.0622058881017403
"ufb19" 0.65799702986 0.0747413430273695 0.0627374479667431 0.16074467035861 0.0597860660973902
"ufb20" 0.723592917806247 0.0442982422875156 0.550830033091326 0.163147118754721 0.102230306707078
"ufb21" 0.699357680504043 0.0697663397076289 0.187465644220288 0.174783826295184 0.10696905571868
"ufb22" 0.562798940695767 0.0619348095841254 0.114883628144616 0.12717001241931 0.0815781599292207
"ufb23" 0.56996337203387 0.0641560322921635 0.114833055155183 0.129623831045264 0.0855898380284391
"ufb24" 0.703776262919057 0.0540515382102363 0.333963586275377 0.174405458388348 0.10914378039883
"ufb25" 0.672211447445937 0.0558528599660649 0.209249208947124 0.170552737959407 0.0918738086252484
"ufb26" 0.714576533643032 0.0765181894944308 0.177376612243884 0.193293528438249 0.108818752070266
"ufb27" 0.692231702166611 0.076426709385686 0.105553306017972 0.17578163544381 0.102254768240041
"ufb28" 0.579747956222641 0.0690378005662548 0.0304666356836617 0.130454479404008 0.0555824693699208
"ufb29" 0.736160887996887 0.042225932558946 0.550356374966139 0.192989667054977 0.108922201072352
"ufb30" 0.605176432594078 0.0745891147064607 0.0417268015309017 0.14128372656085 0.0590439410072845
"ufb31" 0.73878486816966 0.0254655300910534 0.791781053820739 0.15659841250247 0.0733134918398969
"ufb32" 0.56898241616473 0.0681276401645853 0.0205568078911707 0.129509927957371 0.0610715811921447
"ufb33" 0.63416143032205 0.0651274883124777 0.0731786601945893 0.152289726519931 0.0577771905914491
"ufb34" 0.674062375830881 0.0629290959934507 0.249127214023311 0.155699529742653 0.0945751853647521
"ufb35" 0.564469628487273 0.0676475280914867 0.0205848681301625 0.126790342458918 0.0601877411336683
"ufb36" 0.762520921848848 0.0301700670561434 0.74723532191603 0.182689834214496 0.085730677359041
"ufb37" 0.548636113092835 0.0669979623124074 0 0.12118450914085 0.0599477857944286
"ufb38" 0.825709506995513 0.0387364701660515 0.723652597617121 0.178486273275698 0.110209046825882
"ufb39" 0.760407549099635 0.0575166657016403 0.327761432808918 0.203620184595707 0.11968041182755
"ufb40" 0.736428736428736 0.0385385884297218 0.591736042830071 0.171734031522483 0.10200894741091
"ufb41" 0.720591312950667 0.0483379447221157 0.395123034807233 0.202296519380703 0.115663496537631
"ufb42" 0.753118204011413 0.0668644631688919 0.26410709220735 0.211206770381767 0.111845969768619
"ufb43" 0.813064683777085 0.025304949618898 0.843720478876749 0.156881332465701 0.0747480009182883
"ufb44" 0.789234693877551 0.0356782602737304 0.718782508307986 0.166195999788534 0.10234940846763
"ufb45" 0.685909650976345 0.0750947287891333 0.0950709009777052 0.174306015197169 0.0968850844222547
"ufb46" 0.657796257796258 0.0338915071978622 0.542417086038432 0.189235493524683 0.0852895691038597
"ufb47" 0.674427823880755 0.0533287047638905 0.303182265663987 0.167083083329526 0.107949152412852
"ufb48" 0.555126715436244 0.06732133021322 0 0.120137807894201 0.0554577600210215
"ufb49" 0.723835016173872 0.049157827197948 0.407250650254132 0.180469601803125 0.115753913864636
"ufb50" 0.724431889833287 0.0355718339097977 0.623108864546393 0.161906906547786 0.0974320270076373
"ufb51" 0.54482741018285 0.0645842938926737 0 0.118093749848333 0.0554958283156494
"ufb52" 0.639448739186453 0.0346228411425067 0.539588469093818 0.156434998504178 0.0831387171154794
"ufb53" 0.78893756267483 0.0396134739647729 0.616966118877661 0.233763611482965 0.106993274162844
"ufb54" 0.682201734510509 0.0564979661360041 0.346781788845975 0.160748965571328 0.106568010696981
"ufb55" 0.660326086956522 0.0257191629902864 0.705029998429156 0.155841505670117 0.0704229082408378
"ufb56" 0.690509987395101 0.0521983637221373 0.373807996054529 0.155276738996462 0.0837046207660475
"ufb57" 0.723118279569892 0.0348199320704126 0.663293117836674 0.207365861526973 0.0968334696091312
"ufb58" 0.564303593604471 0.0688978558680283 0.0204476760948097 0.128225355560482 0.056715244896794
"ufb59" 0.642629988869455 0.0517347614489751 0.353164522177613 0.141491813731891 0.0849108616469562
"ufb60" 0.566185977392583 0.0634010330545903 0.0306746777716528 0.122247367444112 0.0539331339549308
"ufb61" 0.848876173306422 0.0477244770678484 0.687310409128932 0.223432628733404 0.119995523033805
"ufb62" 0.696116885663856 0.0220908813842417 0.802157495159521 0.134475072600658 0.0606948755717303
"ufb63" 0.708213470319635 0.0532045054227811 0.436356631788956 0.160343496654479 0.100199406205491
"ufb64" 0.71945788964182 0.0308665538762826 0.670058874984133 0.183007930966254 0.0825492321295063
"ufb65" 0.559707863383493 0.0678507958986488 0 0.12204565531977 0.0544339279454674
"ufb66" 0.582670320481509 0.0611008508591041 0.0731810272087753 0.134682560839657 0.0578480384204036
"ufb67" 0.546827558143175 0.0687798855406032 0 0.120191646494775 0.0499387414385999
"ufb68" 0.718466000644538 0.0301026127507564 0.691463875981405 0.178106131610379 0.081667746238886
"ufb69" 0.592587740557819 0.0370349476653009 0.459699116537931 0.136583969663558 0.081938374271462
"ufb70" 0.557608688414338 0.0682704538102873 0.0206334025303511 0.121963390036248 0.0571663316883178
"ufb71" 0.780698935908825 0.0493136055740788 0.521753294991486 0.211434731385198 0.128126532454175
"ufb72" 0.749211056613817 0.0491872438713243 0.48174094643545 0.214793832973567 0.125491631535027
"ufb73" 0.567583647750385 0.0696883826408931 0 0.125330231383659 0.0608531427184573
"ufb74" 0.766917735671413 0.0361657488722868 0.606212342643539 0.203755955199436 0.090367247569928
"ufb75" 0.591239838553806 0.0315392342575586 0.478906965771216 0.136541623153207 0.070663867561787
"ufb76" 0.58577010550796 0.0684921089260618 0.0302295464298781 0.13515389731689 0.0587995587747748
"ufb77" 0.693915037352992 0.0460035178803314 0.409893474765218 0.164278163404033 0.0942732113649018
"ufb78" 0.686646321039116 0.0472921635495082 0.488534889303928 0.153587659980201 0.101735180806302
"ufb79" 0.62208391458311 0.0339960476145991 0.462989992800083 0.151111248800074 0.0864545476579658
"ufb80" 0.689101609911375 0.0569889044743288 0.242331639803123 0.168164922624978 0.100545960952397
"ufb81" 0.649917735238046 0.0336439625984264 0.566384329832327 0.151800212954056 0.0822755860384404
"ufb82" 0.574136592159422 0.0714507277439187 0 0.12521458843511 0.0561472198061512
"ufb83" 0.553897741675622 0.0677089146258198 0 0.120656952529961 0.0548748443578548
"ufb84" 0.644729920540436 0.0319563164141473 0.602393723220425 0.144992967757249 0.0804831167771076
"ufb85" 0.571619163129169 0.0275618997625302 0.568344119514467 0.160415799213808 0.0732932899696244
"ufb86" 0.563832101606327 0.0706693851558162 0.0206759612395221 0.122593535468226 0.05568605177885
"ufb87" 0.559185801922998 0.0670069693484122 0.0413114343116159 0.127902713813177 0.0624168580921269
"ufb88" 0.737493548259022 0.0585395910623578 0.396465606925999 0.206698765033076 0.12913903337643
"ufb89" 0.619561632334862 0.072334614332813 0.0522242726287015 0.14806152113124 0.0598892718905324
"ufb90" 0.773151232511659 0.0286596304015258 0.749905887613127 0.170218979969162 0.0778353509410267
"ufb91" 0.732860653653852 0.0355103021230044 0.652472659071095 0.160962144675532 0.0924057231059214
"ufb92" 0.702681158011393 0.0408935065929871 0.514113940255257 0.184350869831532 0.102425674951811
"ufb93" 0.668434571659611 0.0500595116018716 0.357952419633556 0.157263771533565 0.10152147828612
"ufb94" 0.620084059357886 0.0654473486818095 0.082874721991257 0.145772049390125 0.0692217636081403
"ufb95" 0.68871484595113 0.0514649682076805 0.373807996054529 0.152787832597678 0.087419822805005
"ufb96" 0.790924577977389 0.0338918534246424 0.747352573213092 0.21051181773605 0.0999874990887807
"ufb97" 0.720912385418887 0.039523482161577 0.551036736663113 0.176424859101479 0.102891947839968
"ufb98" 0.658342979990078 0.0335302224739684 0.592743149199697 0.151042259250892 0.0868225105827528
"ufb99" 0.759535510047044 0.0513785130055071 0.531437411433347 0.171257330750533 0.114496082042825
"ufb100" 0.608922517471922 0.061159005787281 0.12419940737664 0.136683705523582 0.0788810363325193
