"quartet" "cluster" "phylo" "mutual" "shared"
"mb49" 0.743052524859171 0.0758153728296284 0.249587921311109 0.209904979075934 0.129765312081352
"mb50" 0.802363299351251 0.042402007498333 0.659706893475999 0.261415275210217 0.126366900329403
"mb51" 0.824374805437377 0.034739599789261 0.820960947352108 0.221506990471358 0.108471023778467
"mb52" 0.748556013963821 0.0560604416157703 0.387568738177843 0.213095612449607 0.131005492039424
"mb53" 0.709848281908287 0.0476754337580369 0.450248675062704 0.179260452895893 0.119450115764837
"mb54" 0.779133126934984 0.0312566321941441 0.747300061507613 0.197507880422867 0.0925041845029431
"mb55" 0.726344440778621 0.0761484016208214 0.186826823165388 0.196004719478628 0.106769472141386
"mb56" 0.723515036513139 0.0768211394194299 0.229517639202892 0.191626810048724 0.118546293619325
"mb57" 0.767577604353381 0.059795266316527 0.426438958087285 0.228565986935889 0.148587248228332
"mb58" 0.855513878469617 0.0390264857215282 0.838705867489537 0.255454513084419 0.126345324811701
"mb59" 0.868033813400125 0.0264469873964712 0.915749382016224 0.174740507148154 0.0859364705304112
"mb60" 0.829556210375926 0.0518883845521502 0.583903004091895 0.24134558265354 0.144639252034868
"mb61" 0.73536862617733 0.0316632475919826 0.652355880466672 0.19138185839172 0.0879842335190347
"mb62" 0.851007945367391 0.0335244412294396 0.789347497311089 0.213610085168962 0.102529270782854
"mb63" 0.910222729868646 0.0369729566486018 0.831559622910052 0.237107614070626 0.116364171319032
"mb64" 0.723283273005708 0.0706895125726179 0.228546211811928 0.209011020894582 0.133635217542155
"mb65" 0.812051390313047 0.0341190496894574 0.749922351032367 0.216342757520178 0.103819512622398
"mb66" 0.619168124662263 0.083303516579861 0 0.152999634455358 0.0732590588699954
"mb67" 0.813551099611902 0.039385421476201 0.694507147188031 0.241355220135933 0.117457555040484
"mb68" 0.974226242371404 0.0352729101683969 0.968714605515221 0.233123219834558 0.116271284102258
"mb69" 0.728190680202415 0.0567737821457134 0.424284115232442 0.189432425948009 0.121947934097288
"mb70" 0.63925625487579 0.0711682041971423 0.0717507383104211 0.151663665267099 0.089563608276972
"mb71" 0.802322787344814 0.0477587112154181 0.662080157252416 0.228455558311266 0.134898033137996
"mb72" 0.79316049741837 0.0512160292148352 0.49540931769394 0.232043860134671 0.139144382199968
"mb73" 0.930153652270855 0.0422493173218899 0.851020119234174 0.269070051811155 0.132336535911023
"mb74" 0.646757877871059 0.0756970131207167 0.0830806647651066 0.160645825227507 0.0838956593762937
"mb75" 0.671781654412762 0.0719338355398668 0.146233090136859 0.181764176810946 0.111761137409445
"mb76" 0.730391498022349 0.0670168191455346 0.292560519535352 0.197996528191062 0.13124177175861
"mb77" 0.707222137117551 0.0579187279014032 0.300330388994455 0.191099483246181 0.114836089780236
"mb78" 0.736174828946651 0.0642410959491326 0.293792390314867 0.210948366134496 0.127721122180724
"mb79" 0.891783999568431 0.034196435792355 0.916623658101572 0.224347536338845 0.111842486651871
"mb80" 0.648016118268982 0.087143912891732 0.0209374800455217 0.166870603303223 0.0730215449568011
"mb81" 0.752237416351469 0.0525975061069707 0.479483885153752 0.199407526043102 0.124194187249677
"mb82" 0.739973618122321 0.0628184123751155 0.322802676961958 0.212310973682404 0.128840259857813
"mb83" 0.726350612024569 0.0713901148741806 0.229621901843735 0.191415835877072 0.116888724423809
"mb84" 0.723703022875817 0.0373918056152602 0.652563542302438 0.233170021077896 0.10830703840918
"mb85" 0.771871044598317 0.0290519711429481 0.765934919342628 0.182578088256506 0.085595275156795
"mb86" 0.653178012714367 0.0705822602395311 0.114807644116212 0.168224389578746 0.0938662501385818
"mb87" 0.648001654648336 0.0677223731516362 0.123719856164452 0.153998442968546 0.0967641769540916
"mb88" 0.701957841599018 0.0296597778703323 0.694715989021048 0.182743196424621 0.0823193703654898
"mb89" 0.635327119717673 0.0363715288397173 0.447669136771709 0.159851252193784 0.0899514752939299
"mb90" 0.724027053997117 0.0471651736355427 0.454522141017861 0.21119924183408 0.124559665221927
"mb91" 0.823537941034316 0.03565080150458 0.78939941277003 0.228465607228382 0.111564036793788
"mb92" 0.71196388261851 0.0394672109352705 0.539100308489696 0.182533236077402 0.104716234957506
"mb93" 0.607072538003469 0.0685428474892254 0.0209620868721505 0.13631281890734 0.072563714011474
"mb94" 0.622728035251891 0.0694815096841814 0.0423593513672028 0.143796316485552 0.0754990994243664
"mb95" 0.646149610333989 0.060589701276394 0.165082211083673 0.162095143594387 0.0952721159764149
"mb96" 0.593009291283295 0.0763042452592504 0 0.137551047777967 0.0580256249023501
"mb97" 0.614577479847432 0.0681813755949339 0.0421245232117544 0.138763342161193 0.0719901180511207
"mb98" 0.702925520609476 0.0771139850145675 0.177160944521287 0.182549568709897 0.11024796870472
"mb99" 0.613452356830771 0.0719125219652333 0.0622543215198375 0.144193904551259 0.0783793211951993
"mb100" 0.67596011816839 0.0222436206599548 0.600655550779364 0.139532559235707 0.0638452932459034
"mb101" 0.633601764995716 0.0740455594076192 0.0839132684943612 0.152618349068909 0.0782289554933813
"mb102" 0.781767357980162 0.049050943969731 0.539038688598277 0.225810036952426 0.137250018391775
"mb103" 0.644621156743091 0.073238219391125 0.0831176797404944 0.159481511711846 0.0839508827041568
"mb104" 0.813459493940038 0.0460637873303644 0.602724933274156 0.216207401225732 0.126053470920955
"mb105" 0.697753955979148 0.0742199995227117 0.1660479146255 0.179881466562882 0.0970778732217677
"mb106" 0.605098369187804 0.0687632996102125 0.0626399828166519 0.14029085222826 0.0728070635376112
"mb107" 0.59625749922558 0.069910439292658 0.0209566985771017 0.134731177643404 0.0710711561064994
"mb108" 0.746605525814832 0.0540588999165622 0.37339200364853 0.206743700633292 0.116763864893095
"mb109" 0.625922961088688 0.0504482278262101 0.240436768094378 0.146309662384864 0.0909606869614231
"mb110" 0.738618961436726 0.0407200082533757 0.581387314443007 0.188770983841726 0.113440007228737
"ufb1" 0.6235848840407 0.0734095842956847 0.0725896256234459 0.148265716839999 0.0807347165061912
"ufb2" 0.66605094302936 0.0372533222924943 0.481590741620153 0.162978230229868 0.0944162450161714
"ufb3" 0.717631364411176 0.0518873839623405 0.341415508044643 0.194657300460436 0.101072044112424
"ufb4" 0.579518249967106 0.07346658192371 0 0.13281315749552 0.0570725100044915
"ufb5" 0.594987189418739 0.0690693645601987 0.0417815389491711 0.13628581509375 0.0684161513345563
"ufb6" 0.585812174698574 0.0747880216276947 0 0.134952562840773 0.0570068451969412
"ufb7" 0.713103458386477 0.0697176179537096 0.250542985743461 0.187325511095819 0.113740333177783
"ufb8" 0.677100824805416 0.0667167419223569 0.165876633400352 0.182515696844314 0.0918871956679746
"ufb9" 0.776376074813281 0.0287997688794055 0.812493140001925 0.184513278674412 0.0879494417600656
"ufb10" 0.726370641388104 0.0635803583936172 0.274597098317763 0.207706602725251 0.132914608274569
"ufb11" 0.611191764229944 0.0733873664664071 0.0517522644339562 0.143618218756596 0.0814966969555293
"ufb12" 0.609186047122206 0.0718240349775339 0.0523061690104243 0.141407012863975 0.0780943126990193
"ufb13" 0.726294593213717 0.0306466699366095 0.717243797375769 0.146034816073229 0.0850604375695609
"ufb14" 0.642442088937559 0.0841889854084732 0.0209396864745253 0.163463591253751 0.0662219585604359
"ufb15" 0.654187921671878 0.0594583924243301 0.188028499093785 0.167343776366697 0.0937250018639207
"ufb16" 0.714310484337071 0.0322862709175213 0.663050623521088 0.201101848191854 0.091515962532453
"ufb17" 0.661806371363416 0.0292963351200707 0.648778012312128 0.175819901570187 0.0794858975353363
"ufb18" 0.792161236357843 0.0281483336525732 0.778965427007573 0.177664402934316 0.0847873636389465
"ufb19" 0.735365725954238 0.0604505840273749 0.311550830106798 0.197703636272844 0.126127616055269
"ufb20" 0.632290783953041 0.0636236120626181 0.102836835317897 0.147599333720752 0.0879033531340558
"ufb21" 0.619452515060733 0.0625138646644661 0.102836835317897 0.146628927530709 0.0855310499089082
"ufb22" 0.608239843177619 0.0811118214104584 0 0.148186848434896 0.0730819771739399
"ufb23" 0.595484519736366 0.0771526131910415 0 0.141007151835455 0.0649225599666209
"ufb24" 0.637881061822579 0.0708430231402004 0.104048509387505 0.152498873857175 0.0798776224285682
"ufb25" 0.800838229855775 0.041540064625957 0.708129784591915 0.201085315290554 0.12073708128386
"ufb26" 0.702295521664075 0.0565935724498528 0.261408945270695 0.183763758836942 0.104940003091191
"ufb27" 0.779233190915224 0.035522474334092 0.670093494250068 0.218735789032805 0.1028594497434
"ufb28" 0.674007470310961 0.0743770353137543 0.168392572936815 0.170134118661584 0.0914034738491793
"ufb29" 0.589033751675399 0.0330304909946179 0.412355604470578 0.14687128826478 0.0768421951853457
"ufb30" 0.634350359273658 0.0546858533255109 0.169210456813913 0.157188509311832 0.0863267720693723
"ufb31" 0.65342118353135 0.0477076557268905 0.295820134118958 0.152012909909312 0.0950991592549131
"ufb32" 0.653070719884845 0.0730517492890479 0.156238164623048 0.161258687101151 0.0931973529363088
"ufb33" 0.57050070897483 0.0714000148860197 0 0.128908833464518 0.0560231989771252
"ufb34" 0.601959642828146 0.078233873368444 0 0.142527418010289 0.0575495316609203
"ufb35" 0.629172254859366 0.0729594374881987 0.0733505335839825 0.15004924408431 0.0775785307487166
"ufb36" 0.584707805867848 0.0570865911195785 0.0941190904680902 0.128108510693993 0.0736932552164582
"ufb37" 0.607399664227565 0.0573797033017378 0.126911954742893 0.140985615456723 0.0728190935823949
"ufb38" 0.755625230542235 0.0553826377387693 0.367683114638433 0.211397268259664 0.128290290479038
"ufb39" 0.566742761023669 0.0314875404287786 0.452180653930667 0.142072281295134 0.0702218473081007
"ufb40" 0.763913898375246 0.052381226892479 0.57433640128158 0.205946001003398 0.142669232349821
"ufb41" 0.828576082088033 0.04300613532791 0.739301983180633 0.208921865421623 0.129240895126812
"ufb42" 0.791003833900319 0.0514441021919812 0.63514958852813 0.207337269443347 0.134199249579294
"ufb43" 0.691957026120444 0.0705675132737085 0.168897727470126 0.193315151677541 0.110827671616217
"ufb44" 0.659066976364543 0.0576685220362572 0.198003385919231 0.167693122864088 0.100737746778473
"ufb45" 0.558016480863471 0.0668375496067885 0.0206907190780722 0.133572576761457 0.0637733941799281
"ufb46" 0.68578619782358 0.0654675394378003 0.198240275994147 0.17648838144673 0.105152611542064
"ufb47" 0.575723791056084 0.0725141728819223 0 0.131569999378292 0.0648993633521313
"ufb48" 0.590444636367735 0.0761900689682319 0 0.137517433903616 0.0633830868662303
"ufb49" 0.634971069551353 0.0832069632927031 0 0.157412727865538 0.0607007971029597
"ufb50" 0.739124150888857 0.0680551234598677 0.280885934219705 0.205626994759581 0.126899567380198
"ufb51" 0.580444377747568 0.0730799794021224 0 0.131459539520024 0.0562179476152807
"ufb52" 0.717287488061127 0.0512384227197746 0.447130867509483 0.197175064143562 0.12782413033268
"ufb53" 0.591925342327174 0.0775835519233678 0 0.13836444690079 0.0713807578240931
"ufb54" 0.598157593421463 0.0646153789848013 0.0941428176099253 0.138624890776649 0.0775922988634624
"ufb55" 0.565571031747465 0.0710755480318741 0 0.126967216901253 0.0624417046800007
"ufb56" 0.613085643315805 0.0624753485542179 0.0936615853064382 0.149162235186445 0.0839895223030368
"ufb57" 0.631135699867115 0.067681450287594 0.083158166086308 0.153006224037449 0.0843278868871925
"ufb58" 0.628045664699205 0.0606034685060048 0.114185371756647 0.151092831815534 0.0879847628167652
"ufb59" 0.586012925875688 0.0366311281376745 0.446052636302161 0.136498271260985 0.0842316954494634
"ufb60" 0.602342003866775 0.069703849298399 0.0632598866206736 0.138690892550224 0.075277125674346
"ufb61" 0.585725661464704 0.0546036531785384 0.209110969930688 0.14795558544296 0.0884454891891756
"ufb62" 0.622528991123525 0.0718584202364842 0.0935461138107603 0.147569617330923 0.085695943890119
"ufb63" 0.66420749909489 0.0535570878153589 0.271123663145137 0.173345833768539 0.102815748590102
"ufb64" 0.641264154638344 0.0509126454565149 0.294350100216325 0.143062424486291 0.098870711748198
"ufb65" 0.68352993311648 0.0723546504636376 0.124289010612472 0.177427552872429 0.093460376305243
"ufb66" 0.666572730543231 0.0716188607915747 0.11389090447179 0.166994334459945 0.0860798927180214
"ufb67" 0.713387387023071 0.0537969862851861 0.354340496609841 0.205017813203662 0.120570060770653
"ufb68" 0.589771891096394 0.0323222278871606 0.462900146385731 0.144688155334458 0.0743916525065494
"ufb69" 0.715075539714043 0.0450934677426635 0.454615982224832 0.203691818730005 0.118549679533233
"ufb70" 0.580377309805076 0.0740305160631239 0 0.134123315062161 0.0664420462674526
"ufb71" 0.673343126588688 0.0589840064810081 0.208532634342772 0.171628388131978 0.0962376509083488
"ufb72" 0.637105575326216 0.0345665845779338 0.470621785817211 0.155473426027287 0.0847624311687856
"ufb73" 0.661623362344746 0.0541953245869439 0.21951343178647 0.173231663617686 0.0982963746006214
"ufb74" 0.599495521760169 0.0780620330800844 0 0.14244808458481 0.0585171832419464
"ufb75" 0.723497133998327 0.0448102209231287 0.465216654008535 0.20304109132084 0.118132129281938
"ufb76" 0.567063430090674 0.0706147660821711 0 0.127844448491204 0.0626579393145512
"ufb77" 0.547520373116358 0.0348310819824406 0.353754031700125 0.126493368473377 0.0733939832646434
"ufb78" 0.586928336884598 0.0733177173678728 0.0101658669981616 0.133167396870365 0.0537745926032921
"ufb79" 0.579749514733567 0.0687497499940731 0.0314241492037789 0.134543506990426 0.0635682876006512
"ufb80" 0.602702095755441 0.0780990588702597 0 0.144332887720249 0.0533494520072521
"ufb81" 0.724570799149195 0.0426036470097017 0.529019200089571 0.195154218335294 0.116954387671163
"ufb82" 0.769620387201525 0.0473989371614004 0.555761071551442 0.22416074455608 0.13663517244487
"ufb83" 0.597419702542477 0.0762118848040699 0.0104692718548794 0.138956679413455 0.0585354638200051
"ufb84" 0.564075572997574 0.0694922709902938 0.0206381999551127 0.1295581789426 0.0682244461937691
"ufb85" 0.582768725886324 0.0743547706663589 0 0.135349488491534 0.0638703545414961
"ufb86" 0.662566298256494 0.0681290289348569 0.126560488703344 0.17403105246506 0.0886260212122347
"ufb87" 0.620111453876008 0.0332010083781866 0.476514278391858 0.147318562950909 0.0774267986870315
"ufb88" 0.510895712466393 0.0242931013729545 0.5893366422204 0.144118385528912 0.0623718502245574
"ufb89" 0.600246358959496 0.0256545067062608 0.62478077309325 0.154710968457612 0.0681167137051453
"ufb90" 0.577261051228276 0.0538824038813474 0.155856705936875 0.142478203017474 0.0854634374468722
"ufb91" 0.551429351044436 0.0651864161811247 0.0207120530749015 0.132384899182813 0.0641256549299791
"ufb92" 0.696142357357881 0.0709464878129676 0.177230454994696 0.178293483866506 0.102576399812952
"ufb93" 0.626466384538639 0.0635984465029546 0.0826632453706898 0.148598410303659 0.0846440979812442
"ufb94" 0.628068131658104 0.0820788871229249 0 0.153409592861471 0.0608586325178941
"ufb95" 0.571924558731296 0.0336909546473279 0.395636349457458 0.148140981489408 0.0779134107090474
"ufb96" 0.679710761378137 0.0341956742913569 0.606336272074547 0.210283298061516 0.0981815267635895
"ufb97" 0.610548189220516 0.0721716151746511 0.0628732808817173 0.143680929931015 0.0788492374833743
"ufb98" 0.604071682698643 0.0388480162495935 0.367644558669443 0.14241743822321 0.0870740455553564
"ufb99" 0.690687743403949 0.050262212484246 0.304151937077077 0.184415936880348 0.104053796104616
"ufb100" 0.620555557252701 0.0597682001802886 0.103586412655849 0.147177235811081 0.0818400272564514
"ufb101" 0.628076187965465 0.0409308629086073 0.366397666442529 0.144815342553938 0.0868659085332777
"ufb102" 0.647274938339271 0.0697959497422544 0.0829032595269355 0.152446592091249 0.0874701634412699
"ufb103" 0.662132717068339 0.0322972455334103 0.583323797418462 0.191157065775268 0.0850398551358899
"ufb104" 0.778178807244008 0.0439356692523946 0.562461717011929 0.196587483181551 0.119862677201877
"ufb105" 0.638166057529254 0.0693047756682011 0.145942948921264 0.154844270400385 0.0836703185029299
"ufb106" 0.549242092197214 0.0616540759979984 0 0.115519203022068 0.0543078868365723
"ufb107" 0.593232722333692 0.0678124424535314 0.0420854472395601 0.133771901884451 0.0687684475243347
"ufb108" 0.723632133176617 0.0490824483629542 0.490315736100042 0.190708846374731 0.114253587574659
"ufb109" 0.766202167662022 0.0459478740345741 0.566504434846653 0.219131834385197 0.12318487294732
"ufb110" 0.453643516934656 0.0264446007652929 0.484219232708961 0.151677639375511 0.063155268963659
"ufb111" 0.658078942251604 0.0368753187423012 0.496872152050995 0.166328008344506 0.0957129080037558
"ufb112" 0.557504678590441 0.0647117888306701 0.0207930918242183 0.121091955894189 0.0606513754204763
"ufb113" 0.555536592997127 0.0333945180358412 0.405528023312377 0.120605029025214 0.074551335716223
"ufb114" 0.657021516660223 0.0713130700119924 0.115082991746461 0.164644379303532 0.0882625159529457
"ufb115" 0.573422669954768 0.0710975381355539 0.0100963694749957 0.131877516297499 0.0668941109747922
"ufb116" 0.563042659161147 0.0691401543805404 0.0101363761247841 0.127158613266712 0.068457037339135
"ufb117" 0.567341983118582 0.0492301762260104 0.218587019063176 0.128762042878756 0.0814786158043835
"ufb118" 0.541722309413917 0.0606792931325758 0.0409138678595058 0.130170594234895 0.0632418793647705
"ufb119" 0.637522684665282 0.0817364251551789 0.0309487018051453 0.155979336236687 0.0677346305985914
"ufb120" 0.609253153645685 0.0542949148335032 0.166303739178769 0.134932395452141 0.0901687837674546
"ufb121" 0.533913565426171 0.0236256849896171 0.631332162564934 0.142618868647542 0.0612533043387831
"ufb122" 0.561591735169363 0.0499133338208067 0.167100131554448 0.125467526998806 0.0735006108256287
"ufb123" 0.602327001574904 0.0685926937116069 0.0622856542599319 0.138587196513148 0.0680304261650845
"ufb124" 0.589217685029816 0.0664687871718854 0.0208249878772039 0.127161819166064 0.061169003196476
"ufb125" 0.638227219547229 0.0590857293613879 0.175581192018924 0.157030716142616 0.0951338525444682
"ufb126" 0.611736184496799 0.0532894591521476 0.332794130041698 0.14752878729293 0.0987954512429872
"ufb127" 0.562658580104438 0.068959782592063 0.0206043970765015 0.128920277394461 0.0649074732647307
"ufb128" 0.703107041698125 0.0603559312380284 0.238447140142923 0.177629007167482 0.104865076672546
"ufb129" 0.620158255331468 0.066104749553795 0.0936136613159392 0.149549669096588 0.0807568738847977
"ufb130" 0.733510214911117 0.0361236650341276 0.616848920552936 0.217508534316745 0.0984590584401994
"ufb131" 0.607462394148508 0.0358975571633908 0.41383189626606 0.15795781131649 0.087922711684851
"ufb132" 0.609065665655371 0.031333935300872 0.513474065598132 0.141580296479526 0.0724573559039854
"ufb133" 0.587964804983687 0.0480055944917748 0.292845037094971 0.139156032773011 0.0904355205507891
"ufb134" 0.549369205762489 0.0658018292872154 0.0206191832633634 0.124844996632661 0.0721149060077554
"ufb135" 0.624956251267591 0.0703790475337348 0.0839490722447092 0.147931937272752 0.0693879225161634
"ufb136" 0.639278818935358 0.066656984592991 0.0940111347487592 0.152555105545749 0.0741725796107248
"ufb137" 0.550019201228879 0.0306868020989619 0.457980746634895 0.13880607610776 0.0695381952014443
"ufb138" 0.691645701050278 0.0447627933786587 0.433503204972523 0.201078093319692 0.115692261453937
"ufb139" 0.725420034137413 0.043972903259782 0.502371950159259 0.201738338203546 0.109222129198409
"ufb140" 0.575389199615481 0.0728206654403403 0 0.132194648881185 0.0620603661860831
