"quartet" "cluster" "phylo" "mutual" "shared"
"mb49" 0.791768903178498 0.0623760116640332 0.468458102941476 0.213139629006802 0.143186238790283
"mb50" 0.639249098219711 0.0903794621634032 0 0.161477283515481 0.075620513437921
"mb51" 0.867447751741609 0.0323752202509243 0.833187803662401 0.211849204095968 0.100282403131369
"mb52" 0.99294236262813 0.035099769050239 0.9791484754578 0.237164964489373 0.118300410825013
"mb53" 0.652037306621434 0.0891552733198448 0.0103040381200606 0.171892259672843 0.08968463234672
"mb54" 0.756245416768516 0.055502823479148 0.404276995108382 0.209899017134293 0.132853029629227
"mb55" 0.822115713796645 0.0305595542783386 0.760310194591242 0.191867680741486 0.0878736112948206
"mb56" 0.90191065036493 0.0418065787592059 0.801961880262371 0.267146864996185 0.1324486021688
"mb57" 0.907654150083636 0.0333175909068766 0.894805134031458 0.22518214879844 0.108431806764884
"mb58" 0.862638260774805 0.0377059082116572 0.791536117991271 0.243291748513607 0.119093433397061
"mb59" 0.867176971591828 0.0364070174413385 0.791638844817812 0.234229126903707 0.114693243257711
"mb60" 0.710514476352637 0.0781248862115144 0.196260130270076 0.19072231136082 0.12963656735098
"mb61" 0.684719581749049 0.0802729913828823 0.0933959857556712 0.178514128238556 0.104598024890569
"mb62" 0.897528916929548 0.0366444979710567 0.860111307190998 0.243842013557866 0.119374625660382
"mb63" 0.798901759900654 0.0462973924919124 0.577643972380947 0.221655887311578 0.132542781412732
"mb64" 0.722623479082171 0.0729175394944152 0.220021181638035 0.201530638102267 0.124946101475016
"mb65" 0.905487646293888 0.038777332097923 0.842077946387417 0.252340853046749 0.124248231632761
"mb66" 0.874468727968577 0.0501662042241473 0.676876315597013 0.23907395938649 0.148613969634691
"mb67" 0.803399536980626 0.0341644249584252 0.718658508920112 0.216599897219755 0.10323623388603
"mb68" 0.69071560267612 0.076080168829347 0.208695375724409 0.19157077477473 0.119682659744196
"mb69" 0.873299319727891 0.0324710602466861 0.854193418444412 0.215133410541266 0.102401008852452
"mb70" 0.700512202470624 0.0642532554703251 0.218973755580222 0.194958918208163 0.112417531017852
"mb71" 0.738965053049223 0.0678699699375636 0.312673723178727 0.204459140829843 0.139369653055158
"mb72" 0.814122798085735 0.0407134732541621 0.695654503789182 0.264247693231307 0.125303759180636
"mb73" 0.727780926877895 0.0457547594993253 0.493999124125562 0.217316920337909 0.12352912775627
"mb74" 0.79995781925551 0.040064431547334 0.663137680326689 0.249648467586842 0.120299685392239
"mb75" 0.71281569737634 0.0760596002061777 0.17803166364277 0.196569902958473 0.118373843678345
"mb76" 0.753695487722598 0.0584993871385009 0.396884616635311 0.195268715799819 0.126769561158071
"mb77" 0.874759892431809 0.0357983276076402 0.801961880262371 0.233079422965934 0.111907294563261
"mb78" 0.808292343334513 0.056254698488122 0.466903577421275 0.217843806660863 0.135826752426136
"mb79" 0.711402710892117 0.0746040014391166 0.221349616089285 0.197023259976625 0.113914088643497
"mb80" 0.750719583167006 0.0545022796107446 0.37585875085358 0.204896735090595 0.127010918729302
"mb81" 0.707265901060071 0.0586545032331793 0.260737740083073 0.194733102273251 0.114666713248653
"mb82" 0.802540858018386 0.0344054855316245 0.691456439875694 0.217020941494731 0.100894893815887
"mb83" 0.810857929686633 0.0555418070626479 0.520559201185713 0.218986828601981 0.137764901184663
"mb84" 0.716171708793325 0.0703992665442957 0.231744128613316 0.195747609840602 0.113989731887164
"mb85" 0.642746110295061 0.0739210349741714 0.135466926544642 0.168174270017352 0.0952873889638493
"mb86" 0.648364499541503 0.0666848314588895 0.156278964662776 0.173705340831101 0.10047618859601
"mb87" 0.756467923219492 0.0511373681578784 0.457789701546696 0.199450377229685 0.121759050877745
"mb88" 0.657153407811128 0.0765601092219976 0.0522944996256578 0.165035372352941 0.0764862007137574
"mb89" 0.685242001534041 0.0585807142426621 0.260456573185152 0.193352126780094 0.125545434414115
"mb90" 0.619301205338234 0.0751848948036291 0.114478756177704 0.158940294188725 0.0880464776329184
"mb91" 0.639822019780266 0.0761198809989433 0.0314228124587105 0.159178627211991 0.0754396515213603
"mb92" 0.702160288194274 0.0773823711903961 0.146467619943705 0.187864919854361 0.114997859703073
"mb93" 0.78881793253216 0.0491823040776688 0.494372118041822 0.223030411344856 0.128859388822684
"mb94" 0.778981264637002 0.0341069316707723 0.673568933754899 0.211656503367124 0.0971032639065457
"mb95" 0.640838498787522 0.0858174498438116 0.0207730630294477 0.165592568465201 0.0822002661096857
"mb96" 0.726545293869914 0.0583173477360393 0.368179906401703 0.196035635617942 0.125791816772681
"mb97" 0.751282809299576 0.0514808789583268 0.447245484037705 0.199942398095541 0.124452030672104
"mb98" 0.67313207190194 0.0780081599997857 0.0730453370443395 0.174346618388909 0.10131437544453
"mb99" 0.622017433477203 0.0779882064470367 0.0209350896278823 0.152740408681357 0.0748356957690957
"mb100" 0.625229016164679 0.0858585318881552 0 0.154071190427664 0.0665068620082978
"mb101" 0.794843049327354 0.023976923452569 0.663708600829676 0.155281090758555 0.0720131774199147
"mb102" 0.624890710249059 0.0647732378380665 0.124919413183374 0.160088834620952 0.0928392231163945
"mb103" 0.77255610945891 0.0521544289121853 0.509113182517821 0.204810365029952 0.130905092992946
"mb104" 0.626660593245562 0.0764735394114675 0.040881868557986 0.153257205714188 0.0755415863467972
"mb105" 0.712402966454117 0.0687192518808615 0.242211952040479 0.192424311254191 0.115582463752947
"mb106" 0.608165760737449 0.0758627060923836 0.0418170519881534 0.153073345791185 0.0815593957086325
"mb107" 0.752967224420166 0.0457516344702043 0.505088367988901 0.212463620411574 0.119718184260653
"mb108" 0.624206679069522 0.0426007059170448 0.447957304346842 0.158696454290664 0.103009493974218
