"quartet" "cluster" "phylo" "mutual" "shared"
"mb49" 0.796884297073619 0.0362043470476286 0.734098582135129 0.232006909877041 0.11042606623853
"mb50" 0.637597610565332 0.0876520422656555 0.0104483975153144 0.158983664143736 0.0706445520033108
"mb51" 0.827532000898271 0.0359550359691034 0.791630048510832 0.233021608982283 0.112460300951008
"mb52" 0.753451486309042 0.0762545761004107 0.218650818275375 0.203195475001876 0.137164292382358
"mb53" 0.656067932882778 0.0750019718468139 0.0627341034068302 0.168992346748083 0.085811865483539
"mb54" 0.806172752027048 0.0609656939752243 0.468307647202071 0.228822336145976 0.145871061246109
"mb55" 0.718008053475997 0.0759710983499956 0.165925272152829 0.191381471107276 0.113490876406433
"mb56" 0.927570740351071 0.0376501792016062 0.874967758521984 0.245544024385676 0.120459610403481
"mb57" 0.673445163055159 0.0588646042196841 0.240738542668207 0.177811894507479 0.113033112190569
"mb58" 0.842655974965773 0.0388939006160036 0.770680076932247 0.249466616700536 0.121982708852913
"mb59" 0.735362695692351 0.0536443646832743 0.383459062890479 0.193438864041667 0.129593617456085
"mb60" 0.907472160955404 0.0392422211651029 0.854223198633705 0.256961616625194 0.127304535760102
"mb61" 0.731723938542871 0.0471006774049309 0.499969662786467 0.220183577206061 0.130097971048419
"mb62" 0.94674842665806 0.0352182568713263 0.94788183566642 0.236468049196111 0.118224430991842
"mb63" 0.889845918269691 0.0411614001102343 0.802053681377548 0.266147664716745 0.130494842570936
"mb64" 0.831523164908967 0.0366814193280555 0.768380359020601 0.238388383626024 0.113109070654652
"mb65" 0.757234267182296 0.0813078795941788 0.187356984714312 0.204477037387739 0.128491185444622
"mb66" 0.910578980854879 0.0386102375403479 0.831525765127649 0.253060485750315 0.119747051119351
"mb67" 0.963498098859316 0.0321338200080433 0.958305468533136 0.215308536457583 0.107742919600007
"mb68" 0.831087398932952 0.0500397586300768 0.614522879340221 0.240402307169322 0.145224763622207
"mb69" 0.703236994807586 0.0985012273224531 0.0208891947740531 0.183566362861306 0.0922175014249597
"mb70" 0.616681842814432 0.0725030323384449 0.0311276021253104 0.157827423111897 0.0854199909750167
"mb71" 0.700906412361395 0.0468528905242348 0.467035566781002 0.184588128852187 0.120865186049084
"mb72" 0.70043741439491 0.051504132658954 0.385643577397043 0.173743793362016 0.111504682867838
"mb73" 0.858108108108108 0.0370812592674485 0.760359149910684 0.232741345016722 0.111185249850059
"mb74" 0.794722744628712 0.0351505422800217 0.729243477289511 0.22245081210099 0.105277699176899
"mb75" 0.66543725365048 0.0693783617889307 0.156823907139402 0.172162150580784 0.0990685037987242
"mb76" 0.774436574372183 0.0306909453494093 0.75784747614407 0.193262217246631 0.09154559039027
"mb77" 0.75559204440333 0.0690793839388862 0.320999974640704 0.211641713132375 0.134605536499044
"mb78" 0.737085480248382 0.0327041221028819 0.663207203711698 0.195724784886277 0.0924213989943343
"mb79" 0.736050489559986 0.042784693834076 0.572513240373009 0.205808447478143 0.122354057851693
"mb80" 0.764638869902028 0.0339422270555739 0.684117296008358 0.211989493725407 0.0993251178499475
"mb81" 0.765054636932994 0.0637316420488523 0.367558951661498 0.214799094275868 0.130746350576952
"mb82" 0.839852475196094 0.0378423615486026 0.776478596021875 0.247249849230916 0.119557893604671
"mb83" 0.680213013049723 0.0566599578666605 0.302593129239089 0.185666846302348 0.123061987449728
"mb84" 0.646712206712207 0.0457541319387703 0.325744249603326 0.168294415436132 0.104100723420968
"mb85" 0.629524973847724 0.0693280006239442 0.08327998609742 0.163100898129323 0.0980659430427037
"mb86" 0.832088799192735 0.0323215416947952 0.799979007650191 0.209966747214092 0.100346831886466
"mb87" 0.694524676969933 0.0951457647978082 0.0311886864923265 0.178157820005944 0.0842276920836288
"mb88" 0.594823044476622 0.0691022874498608 0.0102132534370637 0.145011376599934 0.0668140392109701
"mb89" 0.657397283435721 0.0597650589080571 0.198664689005124 0.165163131739728 0.0999675844579724
"mb90" 0.662043177903285 0.0642185381445984 0.177621630534258 0.166185035451074 0.0981920302510751
"mb91" 0.774147717476016 0.0632828487849683 0.374989885451782 0.203707281847859 0.139216883667681
"mb92" 0.635299291380964 0.0774667133967422 0.0626981435599983 0.15961919191295 0.0833812910678093
"mb93" 0.631042531924412 0.0748793854263921 0.0627071685036446 0.157195595304893 0.0820228507572823
"mb94" 0.731126794840594 0.0603109178623122 0.333211549962265 0.195217291289687 0.127617906065985
"mb95" 0.653456333250305 0.0635865924454191 0.167346005922351 0.164283549274238 0.0955498071467598
"mb96" 0.782844306523703 0.0554426675867962 0.479048804494428 0.211970408371066 0.142016296180251
"mb97" 0.581244940099879 0.0670934949701425 0 0.136104033303872 0.0631988061931591
"mb98" 0.653803572490043 0.0605896528134077 0.188371075051768 0.165465986518201 0.10055884433748
"mb99" 0.732677177910197 0.079811830302193 0.13529504839739 0.189838492877509 0.101397352291071
"mb100" 0.773864036632617 0.0277905636678926 0.812374608399111 0.179372450091051 0.0863913843767108
"mb101" 0.571378208715947 0.067541493933804 0 0.128068369132204 0.058975333771726
"mb102" 0.648678969642179 0.075502112768296 0.0627188992249426 0.165905926217069 0.0828608905301833
"mb103" 0.679529417402451 0.049559948750799 0.389317344295354 0.188076658307039 0.119958769490848
"mb104" 0.781789179848465 0.0351063827443406 0.594208612698629 0.172678798831804 0.0963556306814472
"mb105" 0.608764544551659 0.0807077643668626 0.0104483360962896 0.142886183638467 0.0625104870402359
"mb106" 0.618908675412306 0.0826699701756307 0.0104482778602997 0.148644283736458 0.0663514636223373
"mb107" 0.622523105963623 0.0542978172204322 0.156478885698081 0.152314778062768 0.0867828527742891
"mb108" 0.668042550180437 0.049534377987811 0.336777089848143 0.183307967296875 0.115312647680753
