"quartet" "cluster" "phylo" "mutual" "shared"
"mb49" 0.846127281697089 0.0380721440068046 0.750064197671765 0.242134052704425 0.119718882052276
"mb50" 0.854848957430832 0.0306051338014522 0.863162264966473 0.205460974519825 0.100275841301392
"mb51" 0.658994763534408 0.0723494604928084 0.11288665577455 0.183599152289009 0.0924777536902274
"mb52" 0.684191503803806 0.0628841701425363 0.165558588748565 0.184705257472437 0.0985858649882407
"mb53" 0.640955166288969 0.0792712710669555 0.0523135154289412 0.172081235267991 0.08524372842408
"mb54" 0.690136667503251 0.0645521016235049 0.291696084573519 0.195451211423467 0.133681565327198
"mb55" 0.915063317707969 0.0293121902779383 0.90529811973178 0.198026372417395 0.0964617706903437
"mb56" 0.8503276003276 0.0366589243710762 0.822780246614166 0.238770581577828 0.117234069451261
"mb57" 0.896135943020582 0.0354768274328285 0.831560373892492 0.228290424998346 0.110040738068269
"mb58" 0.620401084153813 0.0877207216359189 0 0.160901857424988 0.0602518787787071
"mb59" 0.628435360650858 0.0868127435458192 0 0.161624686820492 0.0740487178081064
"mb60" 0.694999794455787 0.0720580944559935 0.261001040174472 0.187709741387544 0.126344646528795
"mb61" 0.752306752215093 0.0531875564007253 0.457828994283371 0.209745524975813 0.139262680527926
"mb62" 0.804555665848179 0.0388452130152736 0.684084882213918 0.241771990261691 0.118093749884508
"mb63" 0.673480674140896 0.0805983477871048 0.0834933742867456 0.183429273799103 0.0840975883806862
"mb64" 0.728603079443689 0.04422365769035 0.483957521442404 0.207279549858626 0.123335601607825
"mb65" 0.928762623190169 0.0326025630079828 0.927078518507951 0.21916154893078 0.10936447518617
"mb66" 0.972075843388328 0.0385829960192228 0.968725925873088 0.262714461566771 0.132025970714061
"mb67" 0.741909980269083 0.0585602171109014 0.3745384621879 0.193836398703307 0.120719390104066
"mb68" 0.769486003861004 0.0334335792762937 0.757874524530065 0.213958062314234 0.103184454611872
"mb69" 0.766121783482096 0.0543852067135956 0.447567504301715 0.207490965401549 0.127981544463906
"mb70" 0.868678545679267 0.0368708142643142 0.812406913375941 0.241753097758412 0.118784403820024
"mb71" 0.838360680586608 0.0485786734306645 0.666429396875955 0.234351299346854 0.145890060769732
"mb72" 0.725748759782852 0.0535554101093346 0.332213439750071 0.199187197134548 0.120904339094223
"mb73" 0.786271192674047 0.0453991281251075 0.623348611173893 0.221719275719044 0.135426304330927
"mb74" 0.689785162683453 0.0575554731852111 0.217526383156126 0.190771184697384 0.106371517868736
"mb75" 0.63696352730795 0.0696203048153688 0.125184904013614 0.16749182158252 0.0953567399356064
"mb76" 0.658409365167082 0.0685938351079972 0.156522127700966 0.175338456436895 0.107841382715261
"mb77" 0.748109154716525 0.0339216057453916 0.687464691280529 0.214205988049572 0.104435998136771
"mb78" 0.702682818150731 0.051630098150566 0.385468317904086 0.197282443304973 0.12848883781583
"mb79" 0.680160692212608 0.0658021998060775 0.282016687232107 0.185077014826778 0.127957155331611
"mb80" 0.815348336494592 0.0351725230467849 0.768356591744532 0.227765888520186 0.10987314694414
"mb81" 0.68223024944038 0.0672393372043221 0.22106071229043 0.186995208239981 0.109968151165925
"mb82" 0.591951900805128 0.0681991962147275 0.0835664801834094 0.151153335428946 0.0794233315892045
"mb83" 0.758694718763418 0.0346581862891127 0.666512592254431 0.209920074154878 0.101328535836861
"mb84" 0.691087807894466 0.0544345040240478 0.311672141952483 0.183522932579189 0.122344944925969
"mb85" 0.812387739729996 0.0348303671889557 0.744559220464612 0.223093309563951 0.107925944567975
"mb86" 0.802337450239869 0.0344755152472748 0.726220736979225 0.221043086474863 0.106114081687604
"mb87" 0.672922377938903 0.0719507861799296 0.145322347268531 0.180751603377945 0.1036719250971
"mb88" 0.813390979200748 0.0305978202436907 0.789580208557766 0.200148973989069 0.0965950226236567
"mb89" 0.817707373979247 0.0350428235915842 0.755257217759504 0.224246247309962 0.108908264775991
"mb90" 0.692874263853834 0.0746749389033889 0.21912897651096 0.184311428248036 0.108856523199458
"mb91" 0.775016378652977 0.0496915582682209 0.647591091213833 0.207310387407071 0.14894094249412
"mb92" 0.651760569796896 0.078406043033807 0.0737563073113581 0.175219919712234 0.0794485672771569
"mb93" 0.613636363636364 0.0759331960677262 0.0209226760546151 0.160225473622586 0.0650113287848602
"mb94" 0.641412295060972 0.0716461437572201 0.102752314588502 0.170430979312389 0.0895104871457291
"mb95" 0.663139882701778 0.052192406830676 0.351666446677205 0.179828644942467 0.117356674377656
"mb96" 0.652538735387438 0.0787893299412527 0.052850498411366 0.173984291703231 0.0764014748163033
"mb97" 0.566173141547504 0.0689457771411045 0.0835939704955361 0.148413399353071 0.0804376080606761
"mb98" 0.600130271621265 0.0809386176450538 0 0.145847164568248 0.0512910398377969
"mb99" 0.767491223773369 0.027231519421451 0.642571785170932 0.174817752356783 0.0794461466556479
"mb100" 0.65775240281949 0.0658003559792884 0.105294914127381 0.175511797926274 0.0864395936048379
"mb101" 0.688197794506166 0.054175830184365 0.386224680968539 0.187944871195883 0.126108624305858
"mb102" 0.646626209298845 0.0619364824628317 0.167299555369026 0.174829983808625 0.101917814320198
"mb103" 0.691744940348292 0.0482076665083111 0.355840702869802 0.188110743445482 0.116838080313562
"mb104" 0.676584416914099 0.0475901030388717 0.355974686168626 0.181291990714388 0.113839258688177
"mb105" 0.661104973516566 0.0655746600912609 0.115970792610953 0.176871668963577 0.0813819386052727
