"quartet" "cluster" "phylo" "mutual" "shared"
"mb49" 0.766221952698605 0.0456930215486261 0.550011647061324 0.213052170318789 0.132322526742719
"mb50" 0.949773722086208 0.0285762623244023 0.958339609140148 0.192134407058906 0.0948049403814756
"mb51" 0.775082464897685 0.0605504025261791 0.416135514460505 0.227824391163042 0.148437633454094
"mb52" 0.84080703696869 0.036136014053412 0.736789574207379 0.226115087921544 0.110368914505858
"mb53" 0.756659528907923 0.0747018868214526 0.280525736563406 0.222998913607243 0.140730423761582
"mb54" 0.796415106819234 0.0305578501856374 0.791646671552535 0.196981243369053 0.0939034112556962
"mb55" 0.741184072101326 0.0796628272704462 0.258767858757595 0.20974355808095 0.127181903230484
"mb56" 0.876660007051357 0.0344163576632753 0.842097687415711 0.222484677649343 0.10862337772256
"mb57" 0.828795132655097 0.0394342899754995 0.781064607855899 0.253233292371361 0.124518282212261
"mb58" 0.900226529071231 0.0394999290724728 0.820979535211287 0.255519085251225 0.125075281763658
"mb59" 0.755972510090542 0.0338347085374152 0.723458364358993 0.215851225167034 0.104170467457977
"mb60" 0.716546972263159 0.0812544187583896 0.145404055096697 0.20634720929356 0.109156770423785
"mb61" 0.790150355278138 0.0473633709586401 0.56046511072567 0.220051789814291 0.13507064542806
"mb62" 0.74248987349332 0.0741526603888898 0.310679174691045 0.203822176748875 0.141034317535407
"mb63" 0.730873152162165 0.0773188466303808 0.177214788498389 0.193106607159616 0.126776905501591
"mb64" 0.883288980611524 0.038524436803217 0.824140857249616 0.253857160587887 0.124455005787182
"mb65" 0.638166552659266 0.0921274742093245 0.0204743959146283 0.168606794378342 0.0745664100229202
"mb66" 0.771082961369714 0.0593099167837626 0.455115215386969 0.223961056849211 0.154871712737486
"mb67" 0.740353906759747 0.0696529250366176 0.261065156142535 0.201041017400388 0.127117018941459
"mb68" 0.689581981224348 0.0827513817236695 0.13522563051967 0.177799329454581 0.116500414998429
"mb69" 0.986594010705502 0.0426405105836825 0.968716176243956 0.28284099885264 0.143384901243678
"mb70" 0.789137380191693 0.0316374960389271 0.781115982004106 0.203625188060267 0.0976672375423037
"mb71" 0.88086394277067 0.0395489897152633 0.8190729435274 0.259061769942355 0.12797868900172
"mb72" 0.779091266432762 0.0605363784068581 0.51037955173964 0.210967667595434 0.141512806758214
"mb73" 0.640005774083986 0.0757188913106516 0.0730345502399828 0.169158953436203 0.0992424879111781
"mb74" 0.848114418434081 0.0365760146014434 0.752623721595323 0.232765586196443 0.113552832019347
"mb75" 0.765039255446368 0.0369234119350061 0.673605000002446 0.226134073562534 0.108127620171413
"mb76" 0.939171900441963 0.0346540710554537 0.916679218280297 0.229331529562846 0.114237689219176
"mb77" 0.652601909796912 0.0720736354329419 0.113991775429849 0.173619792703423 0.102939885248488
"mb78" 0.637969772394858 0.0908252569362632 0.0204036601259945 0.168261946095274 0.0798285102244316
"mb79" 0.819375766446457 0.0474582633757349 0.663584418617193 0.229246581011836 0.13981685923897
"mb80" 0.73927844602111 0.0742226375506893 0.219143255327235 0.199814778297471 0.129305537210347
"mb81" 0.855541972290139 0.0393784322342859 0.757759199354749 0.251119607421281 0.119387914331219
"mb82" 0.725536729400077 0.0584159293813054 0.340994051974016 0.186826086774727 0.130564215121607
"mb83" 0.756838962961105 0.0661638700711939 0.322221693429073 0.218060578853076 0.14234564453081
"mb84" 0.710368634863132 0.0547720290716844 0.366123446503695 0.186547505313396 0.124533159497078
"mb85" 0.812631689844079 0.0367890619819597 0.770740582593985 0.236049860209317 0.115731503060872
"mb86" 0.777577739542621 0.0523452756769332 0.554302746947508 0.20862172979108 0.127820706546684
"mb87" 0.610863667392078 0.0770550557835113 0.0104666587090431 0.150110228544223 0.0809602570691288
"mb88" 0.709335075338138 0.0522098332227204 0.376988487762768 0.192363729323596 0.122181911971473
"mb89" 0.712189054726368 0.0492971509191342 0.418942773501417 0.190849651513222 0.121253993414826
"mb90" 0.676414113503742 0.078154265966887 0.0932308799960781 0.182375425196877 0.0910684146565473
"mb91" 0.685961946109438 0.0781109798240514 0.145726185007424 0.175888536488248 0.113715669978483
"mb92" 0.614604905823275 0.0748535823019141 0.0625226538532787 0.1568007733398 0.0914054920865607
"mb93" 0.70075006269521 0.0378002827978416 0.603968486414456 0.178991374263665 0.109259852840277
"mb94" 0.698555185090194 0.0244518309834531 0.606989587741867 0.156662130233662 0.072047876995464
"mb95" 0.61309204388782 0.0734547897890177 0.0104703999608081 0.149823964012645 0.0736531503201211
"mb96" 0.612084949866479 0.0763574014190492 0.0213623964321303 0.152940676500232 0.0877068910003645
"mb97" 0.636920359257338 0.0891935761372159 0.0308494147161902 0.165818256447242 0.0747302757790956
"mb98" 0.793873742560263 0.0548270630786085 0.589251251483163 0.22053259991598 0.14533243246596
"mb99" 0.77255756067206 0.0280696793469462 0.781322646290621 0.182348960572384 0.0858755662203108
"mb100" 0.62170151438417 0.072589942062865 0.0424985759341314 0.155969411412872 0.0739066760871731
"mb101" 0.707641368871651 0.0767391565769999 0.186708609571747 0.18899293678292 0.103213385019123
"mb102" 0.767314954270622 0.0550391403542052 0.479000439064188 0.211182411786992 0.137900796793736
"mb103" 0.622979533584172 0.0744526538566977 0.0213677446454431 0.157442632100678 0.0792712944430207
"mb104" 0.715521452566868 0.0783628541471076 0.166689734443672 0.18318268953973 0.119621634484873
"mb105" 0.782623598907691 0.0576026861254287 0.447545685121667 0.211658928278036 0.13109845776835
"ufb1" 0.693640419130615 0.0564274367989928 0.267887846415429 0.183421659680027 0.103724929793348
"ufb2" 0.799819555655802 0.0340875397397108 0.757723320935974 0.167307137222539 0.0997810521725902
"ufb3" 0.890740740740741 0.030074381831277 0.854164112610103 0.196806787163373 0.0936310280544523
"ufb4" 0.647345904023838 0.079674895864957 0.104029936014032 0.158380044568443 0.0881282140069425
"ufb5" 0.670920163793328 0.0822113370719527 0.0628977374626492 0.16858786055179 0.0929939879086309
"ufb6" 0.78689821591044 0.0472023625988773 0.539537083552526 0.213871028533545 0.127454474745196
"ufb7" 0.77096900234436 0.0430082471535882 0.621511193528345 0.209061693901562 0.117475966140186
"ufb8" 0.647914644778689 0.0844331659548162 0.062205345076677 0.158806133571432 0.087681301168741
"ufb9" 0.646268254451398 0.0810614448671084 0.0848504405972638 0.156914950404333 0.0852708756412358
"ufb10" 0.743943098466326 0.0375417129715083 0.642114800629787 0.228506603312065 0.109397620220862
"ufb11" 0.813424020728547 0.0506449930422792 0.566387259068941 0.232753361835498 0.139128880192098
"ufb12" 0.805912124990831 0.0285108563510796 0.781064607855899 0.182164059431271 0.0840962962948873
"ufb13" 0.725893801565475 0.0495618234254613 0.429565900791122 0.191453173652759 0.118656532779459
"ufb14" 0.797283131885763 0.0433943712687909 0.654702109381547 0.205661254770474 0.129879049856121
"ufb15" 0.816620886519093 0.055166226459983 0.644828535327747 0.22043848782536 0.155922635223338
"ufb16" 0.662699899957799 0.082347534986705 0.0628968555065738 0.164511043751612 0.0869041066171111
"ufb17" 0.60302674356707 0.0817810492997711 0.0207017264716103 0.14935151824458 0.0594543829720695
"ufb18" 0.759105147072452 0.0459840208577327 0.516290074798164 0.212131542068908 0.126606151997353
"ufb19" 0.724176302840147 0.0758943544303959 0.160279756654122 0.208283120125807 0.109779437550345
"ufb20" 0.697390632757765 0.04951367990576 0.345427873138542 0.182386696926106 0.119840233943619
"ufb21" 0.75682450234192 0.0671885008968301 0.332622116582488 0.221216048493172 0.140479611753174
"ufb22" 0.731703271183067 0.0508550411899306 0.408642443021121 0.191152814954045 0.125147918024491
"ufb23" 0.723613501119966 0.0646440083482411 0.320739542682676 0.190618408264073 0.135471996841439
"ufb24" 0.792298819980481 0.0491606294309448 0.558444292400043 0.230096690252021 0.142873610071149
"ufb25" 0.729567845947156 0.0482211789880903 0.468050209359102 0.218643170097281 0.130823747954139
"ufb26" 0.687272703140347 0.0557495953891592 0.2801681441104 0.182454851092486 0.103977961361985
"ufb27" 0.648107757032901 0.0577945602006112 0.207257400782381 0.167293232239059 0.0982263618423975
"ufb28" 0.740241928230956 0.0418105445290732 0.556980840412177 0.195814055259878 0.108501160544066
"ufb29" 0.638860602533996 0.0637196844541323 0.143991588901664 0.172821294703783 0.103051214557048
"ufb30" 0.603671479273629 0.0672738327494507 0.0833899242910439 0.148674078369179 0.0837513153074698
"ufb31" 0.618330465552607 0.067228246021023 0.0737277933789661 0.152378507795565 0.0773169926266032
"ufb32" 0.628584433318161 0.033153358884705 0.568262855112275 0.155498670495654 0.0892026500994133
"ufb33" 0.642050863593091 0.0671754885542979 0.12439081181185 0.170279424788096 0.0988317973351339
"ufb34" 0.64378253762242 0.0806780555608655 0.0935109249103214 0.165402509305638 0.0895320333565453
"ufb35" 0.607065558891294 0.0344969407790597 0.43137462338377 0.150421594207663 0.0907576974810436
"ufb36" 0.64170284527634 0.0506784647626188 0.282336655187208 0.1632160385267 0.101944373226196
"ufb37" 0.700466458648472 0.0578800762952188 0.290861333086582 0.194307371238712 0.113105640646321
"ufb38" 0.675876122115543 0.0595656875881641 0.249197594086405 0.179994447481097 0.104925300346937
"ufb39" 0.70469186949767 0.0434559404536303 0.446568573385432 0.194674743602325 0.111172537624673
"ufb40" 0.839461959881478 0.0428219812210619 0.729065423699584 0.208807861556316 0.128505382466424
"ufb41" 0.626337341031359 0.0881135260382364 0.0204707943553339 0.160751740945158 0.0611237971386063
"ufb42" 0.742314393300736 0.0323767088650156 0.729079024040447 0.203207328216789 0.097760821288228
"ufb43" 0.614520988115195 0.0840299816619239 0.0206879418689486 0.155543928592928 0.0593389073457574
"ufb44" 0.67181758637629 0.0806047546548031 0.0849076093382121 0.165578206262459 0.0864792590120932
"ufb45" 0.617828557463188 0.0286085758504636 0.589410569120933 0.170285384983075 0.0784077360060437
"ufb46" 0.74676299697517 0.0620594134809544 0.308181098953979 0.194814077120567 0.124403040319808
"ufb47" 0.721409703878771 0.0572353551026337 0.383943267954892 0.186185171293213 0.128109345226854
"ufb48" 0.722555937804746 0.075045983957417 0.160279756654122 0.203544730016604 0.108469391005932
"ufb49" 0.65297299975536 0.06608806022559 0.166758276054285 0.161750938419515 0.0959245928760445
"ufb50" 0.677445643971788 0.0736113627968302 0.166689734443672 0.173336059780912 0.110266462618398
"ufb51" 0.641753561338164 0.0439851652199591 0.479887040592969 0.148965322431617 0.106063937866138
"ufb52" 0.629319120905443 0.0318994853863001 0.579082118292332 0.186261149279691 0.0892779105292776
"ufb53" 0.737091632657205 0.0549772169480305 0.366635510824456 0.204929727436328 0.129430096757479
"ufb54" 0.629979607406932 0.0894295470369037 0.0204707943553339 0.165577959898169 0.064978382720044
"ufb55" 0.818016777263052 0.047428003012395 0.574367735949022 0.219920309260123 0.128217931098332
"ufb56" 0.60358471923393 0.0759647499063099 0.0621550786756103 0.142011313802274 0.0795714872665226
"ufb57" 0.713895235412559 0.0477908884433169 0.451057718392949 0.184862380544461 0.119617811887358
"ufb58" 0.64394943284215 0.0397227756833108 0.526149811157608 0.15007905116184 0.102592864743886
"ufb59" 0.603905290972266 0.0831464134309303 0.0311694432486454 0.153671757344178 0.0656157726841434
"ufb60" 0.793099452672906 0.0616142887474095 0.540726785762242 0.218754320511602 0.148854049969197
"ufb61" 0.723241086725174 0.0641785858912153 0.310274820524663 0.188720433177325 0.128857005435758
"ufb62" 0.67357689039932 0.0357301582070378 0.505270180753801 0.162843783055114 0.100054142166868
"ufb63" 0.574517033664307 0.0729644250324174 0.0207962075734759 0.137060529382106 0.0746459795441498
"ufb64" 0.771958690343143 0.0566625983341315 0.429917098040273 0.211870108211243 0.133368168029779
"ufb65" 0.63906693857297 0.0808072863641565 0.0935182851071749 0.162136579690986 0.0903441680826547
"ufb66" 0.605376174475671 0.0743447857451495 0.0308114436619532 0.143301312011397 0.074603053179909
"ufb67" 0.584789131756199 0.076399478195979 0.0207145941061057 0.146498405381802 0.0594058584430575
"ufb68" 0.694035506879019 0.0753086435451968 0.156235224823802 0.179443027574501 0.112299982834993
"ufb69" 0.680634498455951 0.0577916860946968 0.249240868302981 0.188146276350425 0.114902906499572
"ufb70" 0.711449023924422 0.0620481078380115 0.33203739088464 0.187326728195982 0.119537217630139
"ufb71" 0.722180956778351 0.0449255866333429 0.478516970624816 0.204968911376075 0.113240448142672
"ufb72" 0.691031454995618 0.0783745177613806 0.145726185007424 0.175995142326534 0.111044186719124
"ufb73" 0.669300275972581 0.0402335676614316 0.465839535256866 0.182400255742134 0.10377080394879
"ufb74" 0.607851624430631 0.0740899510933095 0.0424590229650608 0.150133879182579 0.0815703784892772
"ufb75" 0.693289791568404 0.0712117882887908 0.176847754612134 0.193427356761419 0.110432081672848
"ufb76" 0.759799664610409 0.0610209727832249 0.384987437392801 0.197757103477666 0.122626553498327
"ufb77" 0.708892351193052 0.0392241205294084 0.609187865773685 0.155364053318076 0.105805342187084
"ufb78" 0.643163867904514 0.0815583567888508 0.063504154878395 0.157237428828461 0.0817224503559553
"ufb79" 0.623996538771657 0.0862875100558594 0.0204221492181975 0.15968262993818 0.06427167398648
"ufb80" 0.795277078085642 0.0428697549524723 0.665118762828894 0.204273083584117 0.129436787134223
"ufb81" 0.622968935333243 0.0737521658680026 0.0625446990949964 0.159689756530973 0.0884384366527453
"ufb82" 0.71591804570528 0.041424806718701 0.492865094789741 0.188486907236688 0.106141459931099
"ufb83" 0.599445706481277 0.0663335606089822 0.0525705755950558 0.143350967324832 0.073612628512286
"ufb84" 0.6094064618391 0.0742220555345247 0.0311442908521779 0.147550254881091 0.0743812872078546
"ufb85" 0.699261049402798 0.0478945948179419 0.402818016113618 0.174673166638703 0.117591587268402
"ufb86" 0.746045920898573 0.0419958518490418 0.566450258477958 0.200020843013366 0.109451068564228
