"quartet" "cluster" "phylo" "mutual" "shared"
"mb49" 0.844227379553466 0.0508822672651131 0.654506157152698 0.243544248138611 0.146199701426989
"mb50" 0.80063159149139 0.0353390624480605 0.749845333618407 0.224122672774384 0.106567584411486
"mb51" 0.758278405524168 0.0637270415804404 0.394459944708131 0.213701067546317 0.145891981183275
"mb52" 0.876939512641807 0.0436758742135988 0.760321945650059 0.279034504388214 0.135752416223009
"mb53" 0.901702833958321 0.0330345877063987 0.864574457015357 0.216025563641055 0.103877383545844
"mb54" 0.892530994859389 0.037220595054375 0.801971589301056 0.238142653529094 0.115511080296
"mb55" 0.738687758785434 0.0528637845926981 0.462287220605784 0.205230752905585 0.138318205284103
"mb56" 0.963516921813596 0.035316041021335 0.958298995453881 0.236117623530189 0.118449146334354
"mb57" 0.840671706388135 0.0354103498938112 0.789413093606444 0.226824202641249 0.109784659190308
"mb58" 0.831324672614389 0.0376995685485274 0.755296246790264 0.243006397453701 0.117396663841441
"mb59" 0.743005520726116 0.0387763265785652 0.591739599157307 0.181849667753243 0.109698332626314
"mb60" 0.716016560255387 0.077222184392374 0.124096026084222 0.195419426660299 0.103774785398447
"mb61" 0.84718187100523 0.0334690926634451 0.808484744827681 0.21904269588642 0.10635260469858
"mb62" 0.72137519304319 0.0575155446525334 0.356033679067365 0.210494938316091 0.131329771261837
"mb63" 0.809970618898683 0.0407448881090319 0.67691993655782 0.255544654203969 0.125541215038052
"mb64" 0.786329746863699 0.0467553378997701 0.551894261016382 0.215435734722485 0.133631373655019
"mb65" 0.654920741989882 0.0762537694200345 0.103981605631528 0.161564586861233 0.0931344662311189
"mb66" 0.672901756668835 0.0638249740212794 0.249162825965917 0.163867800009831 0.109926612995324
"mb67" 0.630295760661477 0.0845705823753282 0 0.155374076184748 0.0714008411609878
"mb68" 0.64494381236268 0.0766334460500197 0.0836021213654999 0.172035472971568 0.0950506199720565
"mb69" 0.903562694163527 0.0315475489343559 0.895747488634702 0.2082547769085 0.102255596753676
"mb70" 0.865028672665392 0.0413925955341331 0.789413093606444 0.269603167442066 0.12913502686608
"mb71" 0.819782262347318 0.0649376780932521 0.416578252644069 0.246918057509667 0.167408600378683
"mb72" 0.767566279849149 0.0754909381029738 0.227998186187564 0.220254865916842 0.143468641576543
"mb73" 0.81072061027108 0.0307090583587035 0.778890294622411 0.199769439302786 0.0963378111224197
"mb74" 0.625837867892135 0.079160849000288 0.0205953888952915 0.153661780206691 0.0622672383580179
"mb75" 0.678618899435488 0.0620455253510826 0.20874124175763 0.169908137240888 0.112053366240685
"mb76" 0.65338742884825 0.0718459487740734 0.125511742327386 0.172801513185905 0.115711501578754
"mb77" 0.66723079754503 0.0596249222411051 0.283047221441198 0.160492470684758 0.11501440584908
"mb78" 0.652957983679425 0.0660999390663149 0.166845685601959 0.156939682980041 0.094800988468088
"mb79" 0.686371201380756 0.0745417062969252 0.0825025232852334 0.17852323533464 0.0879163870694764
"mb80" 0.701810093687514 0.0558949977737984 0.330619999362284 0.185516832090373 0.127745199870366
"mb81" 0.789240075265218 0.0702659183799826 0.284303920475619 0.227104351984084 0.144635193648236
"mb82" 0.686102929112203 0.0490619465953478 0.415296845845643 0.159841497268364 0.1128527250161
"mb83" 0.871463983668708 0.0282807302048018 0.874948347256764 0.185409278072377 0.0895481904433903
"mb84" 0.783524291109262 0.0307187091017866 0.736688518069023 0.188780029315647 0.0903800551099296
"mb85" 0.913296595858146 0.0427901361173832 0.812552090515406 0.2759735138187 0.13677424061889
"mb86" 0.782038408434794 0.0295143987754766 0.802022950196178 0.189580167600022 0.0922846786561362
"mb87" 0.731120731120731 0.031674482743717 0.702187638109037 0.202171119165745 0.0939982415697809
"mb88" 0.663486939834108 0.063218512546095 0.179089176569867 0.157906719791918 0.0925875706903807
"mb89" 0.65133185979756 0.0685588590626196 0.135371195716514 0.156258041939886 0.0926207696103184
"mb90" 0.619134695699203 0.0732357645951356 0.0620864349604196 0.145094336279845 0.0786170392345675
"mb91" 0.782087404831845 0.0336461488177153 0.712727117241521 0.214471881980601 0.0990477659959539
"mb92" 0.627165150693227 0.0737540924831296 0.0416583913391386 0.160832168206377 0.0706442797998288
"mb93" 0.61963405397124 0.0733622963975466 0.0211562345869533 0.155411634822845 0.0675981917988623
"mb94" 0.611180302506945 0.0740530314808585 0.0209324593283674 0.149733989723247 0.068735889322024
"mb95" 0.650674568574227 0.0731303093281623 0.135399622283367 0.158989110528789 0.0947248838004335
"mb96" 0.791493793941498 0.0515701210800841 0.458173665796898 0.235584668034968 0.143267674194242
"mb97" 0.761356571698073 0.0433929620930546 0.5557863337712 0.205134362270757 0.122102088223539
"mb98" 0.739578038017122 0.0764651986307964 0.156753331733489 0.205205276046089 0.11323890129069
"mb99" 0.610973277265912 0.0787055853692448 0 0.144731742218942 0.0530434365673951
"mb100" 0.844065040650407 0.0280271194825209 0.842085769851177 0.182074437018254 0.086552550642565
"mb101" 0.719545733335971 0.043082300141907 0.5557863337712 0.206040533738252 0.118687378782323
"mb102" 0.735904740434079 0.0540704368110113 0.41483738934091 0.206614603864168 0.130531741824576
"mb103" 0.627457378124133 0.073524411920255 0.0317467522634534 0.159933455953564 0.0676990800937073
"mb104" 0.692254216823387 0.0493539440435909 0.361613501861222 0.184944837859763 0.118214407050059
"mb105" 0.645721849372182 0.0614550529464467 0.168524218416448 0.153006436783585 0.0867188763703343
"mb106" 0.611400987513851 0.0728662614697449 0.0105589120030966 0.140728278096778 0.0735219929153656
"mb107" 0.69188597854328 0.0430387941093087 0.477521797223819 0.162224694496144 0.104726069584905
"mb108" 0.73762962604849 0.0507027735816683 0.404205678972237 0.191164923826075 0.119331568818392
"mb109" 0.64007266671713 0.0360087250320834 0.47890818742388 0.162142262960644 0.0860715067689575
