"quartet" "cluster" "phylo" "mutual" "shared"
"mb49" 0.654451281917367 0.0906015729371721 0.0104566907201807 0.164129865000688 0.0900548430593489
"mb50" 0.88332541567696 0.0414046930205804 0.810586409565546 0.270590573780604 0.133386673756991
"mb51" 0.774121666790463 0.0298438129764707 0.760322505245457 0.187719659166346 0.0887404886476771
"mb52" 0.844484281964274 0.047831991288568 0.624881358067108 0.223625799715616 0.133675208095023
"mb53" 0.691449298342979 0.0798921859940948 0.0813839184337962 0.173181598411858 0.103982319964422
"mb54" 0.756886321662934 0.0800050866987382 0.301517617013508 0.221634214152848 0.148877635039906
"mb55" 0.840010232796112 0.0364040478179065 0.821120919960848 0.242251856718461 0.118266571938047
"mb56" 0.787744321183307 0.0604705316196465 0.416425322233216 0.197764659752149 0.131766146925432
"mb57" 0.833333333333333 0.0350023864109952 0.787130260543912 0.226801265375383 0.107479286702995
"mb58" 0.892788048151333 0.0361035364021689 0.864626133979338 0.238879161284936 0.117174615879413
"mb59" 0.777248683254631 0.069848524123139 0.259420100136513 0.232403459819754 0.140871366666163
"mb60" 0.869047093613453 0.0429112296790126 0.734004611381645 0.272059057197864 0.133680592664809
"mb61" 0.802957068135131 0.0636822951196626 0.416117763170028 0.244555005834699 0.165718660467682
"mb62" 0.644038650004782 0.0934133470450158 0 0.168629261782635 0.0878333561329058
"mb63" 0.801358658608625 0.0437837544656671 0.617078283852427 0.209526000347679 0.126458553565164
"mb64" 0.774652013267437 0.0585236217261053 0.458058881585014 0.224175034018372 0.145913371186301
"mb65" 0.990589353612167 0.0402057717850283 0.989574773204132 0.27223056244405 0.137478287821621
"mb66" 0.820661282949871 0.0364762214700708 0.779034777549885 0.23373845413187 0.116476083215911
"mb67" 0.726147753990843 0.083500768797385 0.113643618699424 0.208946027300493 0.126495237396187
"mb68" 0.895807143385344 0.0285316032409781 0.905241305612529 0.190008067823563 0.0928472165064076
"mb69" 0.901656829979378 0.0314820276035412 0.873689673596868 0.208090361822231 0.100933407442306
"mb70" 0.76971854179811 0.0779341426825044 0.228335953248688 0.240019970359312 0.142466362384183
"mb71" 0.748109632226901 0.0838419160269588 0.273161188002529 0.222725307522974 0.14619695559174
"mb72" 0.740470315158481 0.0528311795996156 0.425081857303387 0.2002120120691 0.126761925043174
"mb73" 0.745401782064906 0.0422616001455891 0.572689269628623 0.199716353625571 0.119058261071091
"mb74" 0.764257418342178 0.0261312307177338 0.8125 0.169371502091194 0.0814482819883679
"mb75" 0.739537112463463 0.0733502969200363 0.32294139155927 0.194350317299343 0.145112809601487
"mb76" 0.852871653996039 0.0343742830554484 0.78936169126421 0.223197061010512 0.107450862879403
"mb77" 0.790726700104981 0.0537481282055199 0.447729332460292 0.201530113013001 0.125732832139174
"mb78" 0.885592443140132 0.0403658977243312 0.802023412428927 0.260493278635168 0.127465517542793
"mb79" 0.87144387572908 0.0367153041503803 0.781275680387603 0.232599310100561 0.113217577979919
"mb80" 0.704659401876466 0.0751438671677228 0.101763204469118 0.176388287299588 0.103361035862502
"mb81" 0.74357837694513 0.0674360428325032 0.3683349202914 0.192089287864062 0.145110878935247
"mb82" 0.72476580514463 0.0844488729777123 0.196704264947185 0.213101263573331 0.125154941932736
"mb83" 0.678832720892508 0.0854515205548955 0.103742395988957 0.195439418517995 0.111704076262067
"mb84" 0.840831584470094 0.0352861628712368 0.733952162409214 0.223217602629866 0.107676794616231
"mb85" 0.750525852796056 0.0731925223621941 0.332785808024144 0.217437172168802 0.152207037007045
"mb86" 0.697808344480923 0.0822746259573823 0.0729534264097742 0.193156872728789 0.110672956823387
"mb87" 0.788710288466742 0.0368902069826291 0.708196371266119 0.23442149918036 0.112246361849622
"mb88" 0.710390663840699 0.0621915874241557 0.215466160926297 0.178303399217741 0.113351757343775
"mb89" 0.734004690754621 0.0527693561329583 0.436965082698745 0.176028688378964 0.125701820330594
"mb90" 0.621214091651826 0.08653150563052 0 0.155072554496152 0.073631480710572
"mb91" 0.707243317689504 0.0562502059932691 0.260759834497694 0.178896419888671 0.113554526482009
"mb92" 0.661084950448522 0.0768044998661885 0.0612800797779603 0.163485481707026 0.0916077399609494
"mb93" 0.741409416401006 0.0552194794945424 0.428594358879675 0.184501287162049 0.124441298598764
"mb94" 0.789503465836752 0.0306553144212992 0.715620118497098 0.193840663448095 0.0881896059365075
"mb95" 0.737465953322673 0.0790669786269185 0.144856628462668 0.218070144683603 0.116751753234545
"mb96" 0.642917921001825 0.0753382228930361 0 0.155757772490039 0.0861669715169741
"mb97" 0.649416519155345 0.0809506564713531 0.0933111274507046 0.179461618132748 0.0951755073758421
"mb98" 0.793431377643819 0.04719858970128 0.656946778395934 0.190747708099319 0.13546751268589
"mb99" 0.743072517968796 0.047563461731252 0.473424002325242 0.183839296813169 0.115833067917858
"mb100" 0.663458634898061 0.076232556270442 0.0105660153670501 0.160595504886255 0.0805764727209866
"mb101" 0.713269985691749 0.0567372841780398 0.313688204975257 0.184328242295149 0.119044610711518
"mb102" 0.725436028312869 0.0740570714701225 0.249612883663203 0.18173293428806 0.118444085779891
"mb103" 0.677627398896144 0.0635441189780935 0.164527799018738 0.163750755732549 0.0971571831091433
"mb104" 0.636930988429422 0.0811617490243324 0.0725415774420749 0.171634148374735 0.0953535683887569
"mb105" 0.613948015958336 0.0796801831393598 0.0522972941066693 0.160483827656902 0.0842262571694827
"mb106" 0.696150962485208 0.0697618673892937 0.135021482492816 0.170785283185918 0.100554343402753
"mb107" 0.629741958939452 0.0893088491635328 0 0.162246035099604 0.0808320987272172
"mb108" 0.630916156392308 0.0789495959389358 0.0634124629557219 0.169502389770681 0.0911800463201621
"mb109" 0.734413198162898 0.0775969718962362 0.123945931244842 0.211852688794228 0.110851582567007
"mb110" 0.614942784510873 0.0852343966930077 0.010312698366769 0.154457844526223 0.0827974808483472
"mb111" 0.727013404024941 0.0531562473170031 0.352520664164041 0.179210394369964 0.112843840738982
"mb112" 0.65243505680965 0.0810487843504077 0.0634280315565303 0.178971728617318 0.0913843776218816
"mb113" 0.632461284938996 0.0889634059513042 0 0.159714304230137 0.0723717682794071
"ufb1" 0.640561604874189 0.0865025031772698 0 0.156166404760947 0.0666639735969279
"ufb2" 0.624591275764169 0.0750779512798548 0.0206368911369572 0.149591093005795 0.0763101995376228
"ufb3" 0.885252951755415 0.0477760854594843 0.749762716134215 0.232975630543475 0.142305408004091
"ufb4" 0.779634149409959 0.0383337038151765 0.672218694153815 0.184853139970707 0.112265284441866
"ufb5" 0.740717416170782 0.0468438135136402 0.474741477406764 0.181293888921744 0.114929540743683
"ufb6" 0.664007575216717 0.0780907270709896 0.042124832296944 0.175949820090188 0.102607182161629
"ufb7" 0.740735300289587 0.0444722760978375 0.519173318803863 0.206425916226935 0.121205767899203
"ufb8" 0.678233218423546 0.0784367799957154 0.17596417064532 0.191168878639453 0.0971808648900123
"ufb9" 0.631418654716401 0.0890400212240972 0 0.159190074154927 0.0727832347106455
"ufb10" 0.761306359179728 0.0318782179058408 0.69449919853625 0.199965440661697 0.0924520875295734
"ufb11" 0.742750018653468 0.0619839981658169 0.353572702029618 0.20754465267364 0.12816873984017
"ufb12" 0.754637096774194 0.0312771975709236 0.705085608101796 0.19406665324884 0.0926091575496273
"ufb13" 0.774356780086693 0.0475801912263881 0.524052462667256 0.22140387534842 0.128328613679771
"ufb14" 0.595836631596205 0.0764388274539442 0.0104460151875944 0.145523722563479 0.0814965623036319
"ufb15" 0.73658921319655 0.0605239352267379 0.401041601682757 0.184547340261998 0.13579286257802
"ufb16" 0.770435987827292 0.0581263450483272 0.477710217312215 0.221879932667201 0.147371383999601
"ufb17" 0.807190518872622 0.0517100700576726 0.499940147094818 0.243315683543857 0.146399326587439
"ufb18" 0.55433221637147 0.021989827319061 0.705293204782773 0.140910846929865 0.0632270570461037
"ufb19" 0.680745444965196 0.0313513277076536 0.663214682276791 0.152426446732339 0.0935646419956043
"ufb20" 0.81105015387984 0.0529475045863746 0.531018587156831 0.204157105620271 0.12639303840798
"ufb21" 0.700915851146021 0.0623472645144598 0.174826056629405 0.164632681968331 0.107397175758738
"ufb22" 0.691845071566804 0.0767052855360892 0.0811405727715012 0.17199203297373 0.0955929012796787
"ufb23" 0.753023986878972 0.0410737227921983 0.499822037100661 0.18824894995439 0.103671011246645
"ufb24" 0.714612782409085 0.0721380360078013 0.174672130863706 0.17945869476074 0.118491303802442
"ufb25" 0.775932948222703 0.0486923162091037 0.513529373193027 0.225211186314622 0.131182255237927
"ufb26" 0.758694853905471 0.0505402476954796 0.411296184866696 0.22763396808915 0.132529284746054
"ufb27" 0.722022419688603 0.0595268021307979 0.358839250839365 0.180818787285369 0.119641644322548
"ufb28" 0.625487165756142 0.0767816277833595 0.124294188443112 0.154551737754428 0.10314080416971
"ufb29" 0.707521651735861 0.0456036513699739 0.443109911216338 0.17665592863587 0.105872230511942
"ufb30" 0.591614817733905 0.0717131305913557 0 0.139326320451473 0.0690282868883549
"ufb31" 0.686771757577138 0.0833508560690179 0.145374111284947 0.197057266907891 0.108323611137742
"ufb32" 0.712071635800449 0.049631548825261 0.45673110995087 0.182943802996214 0.118271258673213
"ufb33" 0.699632339854258 0.0612419032662323 0.258380606377956 0.171173209505167 0.108198991684179
"ufb34" 0.738915367770192 0.0413356712552556 0.468320144968053 0.181494334273992 0.10038039170053
"ufb35" 0.625036410274177 0.0800826378396824 0.0628955454105374 0.164042234869518 0.0839181404003891
"ufb36" 0.679171779506546 0.0457536275211019 0.467121213570369 0.170987481750992 0.110043123464271
"ufb37" 0.870786176844399 0.0349189499260446 0.801972051653721 0.222434023532169 0.108047309852982
"ufb38" 0.644425169698432 0.0887561913385822 0 0.16023910702867 0.0773739144649828
"ufb39" 0.681819774423397 0.0676127003763806 0.185144187797216 0.170139554296758 0.103646931321627
"ufb40" 0.680735868609566 0.0670996792572792 0.103398333200742 0.16452433512732 0.0974921952854109
"ufb41" 0.767488954344624 0.0591446144659989 0.332368492604161 0.225840619505189 0.137284173685789
"ufb42" 0.592778259709062 0.073137848654346 0.0104460502728363 0.144954546299651 0.0739104607234451
"ufb43" 0.726086481764577 0.0442682375750772 0.517943070755871 0.170033410729578 0.117017584735077
"ufb44" 0.737457504893376 0.0379569190294634 0.596370440937401 0.176952197421411 0.108543340401461
"ufb45" 0.615590780304771 0.0843339935857334 0.0102074321974177 0.151028648101344 0.0696737626426723
"ufb46" 0.630015852571089 0.0341413994014974 0.488553834092108 0.158509109122784 0.080797215054137
"ufb47" 0.725884448969203 0.03062347876615 0.676920690878516 0.188493538829165 0.0878729084337225
"ufb48" 0.69754132615156 0.0460688627732687 0.35758530006245 0.174792964076207 0.0968716801339882
"ufb49" 0.708021962257261 0.0436598749764953 0.496074840704893 0.168197164343892 0.112054991864135
"ufb50" 0.789787885414389 0.0432949753549306 0.603968930111846 0.200075940433027 0.124006529773575
"ufb51" 0.694633118255811 0.0766387707535247 0.143913708449598 0.173752516399517 0.101647817716903
"ufb52" 0.613090340110087 0.0842169477182317 0.0102963839524393 0.151934748737225 0.0777141316594954
"ufb53" 0.675252412181311 0.0583793606246915 0.289809453165384 0.168852689968847 0.101247163576539
"ufb54" 0.677194528776156 0.0629585478912264 0.240467899033812 0.168116006014262 0.100807665233385
"ufb55" 0.678678365756769 0.0739351476627283 0.112424185371807 0.1647559594156 0.0875761431934474
"ufb56" 0.633868519720966 0.0744709570609249 0.0410705990589707 0.150884609250239 0.074866119377203
"ufb57" 0.644439524736682 0.0747370780255392 0.0620216419771729 0.154505444817453 0.0820481951665007
"ufb58" 0.770825243616057 0.0484407092149331 0.468661018550331 0.218786714268714 0.128466754400848
"ufb59" 0.60252841754688 0.070167332063905 0.030396103462368 0.142521999548744 0.0755912863624938
"ufb60" 0.775334976773826 0.069950310679238 0.30129800595234 0.239598974090621 0.141340030870942
"ufb61" 0.621814207420747 0.0874014210780386 0.0102221367106307 0.15664680714481 0.079905773943103
"ufb62" 0.608613147380161 0.0833004722457764 0.0203804755253215 0.150830499986672 0.0752886935771011
"ufb63" 0.606746975755428 0.0341108897632449 0.468661018550331 0.153271325997931 0.0858734958453491
"ufb64" 0.641373738444015 0.0407735802865983 0.41040324434302 0.153265200571516 0.102598167910452
"ufb65" 0.692900318784994 0.0753949201664444 0.0916027620511839 0.169612427830636 0.0907930479529418
"ufb66" 0.620482669931696 0.0794588337744422 0.0628955454105374 0.164907364685287 0.0896684989384572
"ufb67" 0.768870245633848 0.0537172957079475 0.538891869156462 0.186588899592575 0.137126593747826
"ufb68" 0.660760762447041 0.0708413574388376 0.0714620604879772 0.160334103348656 0.0884799377880232
"ufb69" 0.593993144053002 0.0789498228813133 0.0101914488817214 0.142378051795491 0.0633147511860259
"ufb70" 0.586136221256159 0.0761842975177033 0.0307618298439159 0.141499533057888 0.0670159525007931
"ufb71" 0.632765186059237 0.0685883100121941 0.0413556697772047 0.148974552074592 0.0761585288809562
"ufb72" 0.571880487552939 0.0376558928120458 0.376938200678452 0.139561273115009 0.084954580402566
"ufb73" 0.693004115226337 0.0267074871474213 0.734057060354077 0.172435045769435 0.0806151890883431
"ufb74" 0.613368354811349 0.0851833172971832 0.0103120830924622 0.15556004888239 0.0819130534068796
"ufb75" 0.636167166600581 0.0772483883470898 0.020913508300423 0.160397341187821 0.0929408818542755
"ufb76" 0.643554026970431 0.0834417340359846 0.0209151870469832 0.163662084388797 0.0977758699366336
"ufb77" 0.726868125754647 0.0654122186893922 0.341052744148204 0.184205692486111 0.129851264015119
"ufb78" 0.748427833407743 0.048448636522634 0.464242286101684 0.189346245453767 0.115312851568491
"ufb79" 0.724248191853826 0.0254915063313487 0.747275548853247 0.161131316970624 0.0760084585361401
"ufb80" 0.641172258967486 0.0849550857964926 0.0104578928939881 0.158438701417626 0.0825229816312867
"ufb81" 0.690904263579483 0.0589657783344123 0.289300340629641 0.171783297163963 0.110870337793963
"ufb82" 0.655039150685789 0.0772231141645675 0.134400650767894 0.179010915837945 0.0916459147088798
"ufb83" 0.655345792862041 0.0670545805707652 0.114028862030784 0.15497015444817 0.0831392774946955
"ufb84" 0.603706624605678 0.0356574285999471 0.409803116639145 0.161448281518884 0.0859504431197345
"ufb85" 0.582087738485843 0.0332446987517229 0.420263313474491 0.146898714092561 0.0764610266605408
"ufb86" 0.631513335144558 0.0794207574879332 0.113841383985401 0.15723480003625 0.100796883828705
"ufb87" 0.614968582310548 0.0715517498894017 0.0406192063294558 0.147038972329757 0.0823260536798213
"ufb88" 0.759004285584025 0.0430140072531367 0.53711866325802 0.196620982063914 0.118456904358137
"ufb89" 0.676354640876944 0.0760920210641187 0.0522476237563983 0.17986008104039 0.0924536422105046
"ufb90" 0.658237311398607 0.0760913988781204 0.0527859028953979 0.171472207616727 0.0967576687392006
"ufb91" 0.635157636639769 0.0769487456413279 0.041827016600846 0.159735654478136 0.0964294923500763
"ufb92" 0.632701059112869 0.0811009086191989 0.0211303126535312 0.154486869766959 0.0876048116837404
"ufb93" 0.607929172053955 0.0831497835527179 0.0205533320590047 0.15248201919392 0.0840759920860863
"ufb94" 0.628980478846961 0.0743081762987405 0.0414836947134558 0.150421736885484 0.083083120230893
"ufb95" 0.61958748233799 0.0742982309886231 0.0209100242377794 0.149706607670586 0.0868127151780534
"ufb96" 0.607438646783723 0.0816516442618935 0.0203442608842799 0.148261454054331 0.0692713198018487
"ufb97" 0.632364146081858 0.0838324144128634 0.0104558010993565 0.155522260291257 0.0672531227049154
"ufb98" 0.600049771346154 0.0700496543283844 0.0199234103164735 0.142513491823516 0.0811294727860148
"ufb99" 0.709342454289652 0.0669648950120129 0.208735326148911 0.17559234988018 0.112296108610965
"ufb100" 0.629005878586811 0.0841343564081396 0 0.153540464404017 0.0636741639841656
"ufb101" 0.683854496257665 0.0564266444338321 0.283993564528111 0.165120988710287 0.0947855061080631
"ufb102" 0.751073510333108 0.0456884059496328 0.503006283718797 0.214311398538188 0.127701157796567
"ufb103" 0.766209292013598 0.0482858294625279 0.462953947768433 0.184837762717356 0.118631311202836
"ufb104" 0.680016673426164 0.0787561509343674 0.147673216860613 0.189684207463308 0.10866723855268
"ufb105" 0.61391677204902 0.0743129035537529 0.134259782571459 0.161805288491729 0.083027099948746
"ufb106" 0.66436282101662 0.0504036961006659 0.248514506527526 0.154259436243332 0.0969235716256945
"ufb107" 0.716887352166909 0.0409191354182776 0.533651054705866 0.193350876933393 0.109663009015557
"ufb108" 0.591904486987045 0.0786586421959429 0.0102785363465994 0.143404563071878 0.0703933575501133
"ufb109" 0.554338626972669 0.0317093836545145 0.426836162639807 0.138893825228001 0.0764301906838835
"ufb110" 0.806135979150473 0.0413463846849943 0.610415895572906 0.193493145327182 0.110170050611065
"ufb111" 0.689224777037644 0.0572974342988697 0.291405153646208 0.167199599187591 0.0944424083820491
"ufb112" 0.592793087670731 0.070449811411141 0.0205046393223497 0.138260697819795 0.0695025897965484
"ufb113" 0.622753752844131 0.0858588514528895 0 0.153316839184319 0.0665631047320484
"ufb114" 0.65337120165331 0.0819249841590068 0.0725031881286877 0.180004549434412 0.0949357833631057
"ufb115" 0.753167627141665 0.0613747150809402 0.427831327806165 0.207775619084565 0.143488744702932
"ufb116" 0.641697972099618 0.085273718916687 0.0211279354157288 0.159371501919001 0.093663906186552
"ufb117" 0.683037245352905 0.0409210897808245 0.441618827226175 0.184196497393193 0.105977342163436
"ufb118" 0.746154315712367 0.0537771326914926 0.470007764386381 0.208067141967 0.13758868272611
"ufb119" 0.738522098370878 0.0440238451363678 0.508241317113353 0.208034560384151 0.115469457372397
"ufb120" 0.622127717166817 0.0864326262132229 0 0.157168350926071 0.0773205843474492
"ufb121" 0.654525728456293 0.0298436581526396 0.585011528454113 0.176703679281656 0.0771922144353723
"ufb122" 0.6314562286541 0.0792303860079371 0.0725415774420749 0.169868000507269 0.0886640661935897
"ufb123" 0.621212134547833 0.0866966168919615 0 0.156438656165061 0.0795686141189653
"ufb124" 0.626577790052404 0.0796039561347983 0.0104561403362854 0.15290056714704 0.0824271589031216
"ufb125" 0.60893763950708 0.0831849363562839 0 0.149565686920415 0.0665569115108074
"ufb126" 0.600954079564951 0.0805236694114753 0 0.144251788245674 0.0612221231546928
"ufb127" 0.612159118598081 0.0669749823838891 0.031153910819045 0.140320063924519 0.0709535907715207
"ufb128" 0.627544328524099 0.0739070239536648 0.0206549808865517 0.149966190263784 0.0763170563601309
