"quartet" "cluster" "phylo" "mutual" "shared"
"mb49" 0.618362636456775 0.0646966603247367 0.103644627440467 0.140321286371673 0.0894748275187933
"mb50" 0.85226112545793 0.0351870134306534 0.789495538761201 0.225842798224369 0.109794711437407
"mb51" 0.737771044609301 0.0792224597911645 0.197013564490663 0.205956916235725 0.115028778626207
"mb52" 0.742898889538282 0.0314916317241185 0.720313813994857 0.200359344092218 0.0973063260660041
"mb53" 0.632096690147838 0.0821933636885464 0 0.149404600472216 0.0683088479836531
"mb54" 0.703630265572595 0.0557460501276574 0.413577180406677 0.187660979300379 0.121643994831106
"mb55" 0.830492808970505 0.0643122335521714 0.518245719365954 0.243871574291518 0.164096357898084
"mb56" 0.758168792591298 0.0448952619176718 0.610891139724565 0.212572940241658 0.125127302016283
"mb57" 0.844910148807991 0.0374584490091941 0.808454835665109 0.244462616486415 0.120869808061131
"mb58" 0.91018654370153 0.03775154822678 0.842017844955198 0.243751243683935 0.117398344524383
"mb59" 0.748703552072367 0.0781913558702864 0.248904727904781 0.214993700575261 0.137349876765319
"mb60" 0.920214349508782 0.0376812653667727 0.874935792435492 0.243103263751651 0.118238803902771
"mb61" 0.757791450139874 0.0722602781800666 0.311195135650669 0.209360452409172 0.13058690818695
"mb62" 0.680076859637637 0.0790786578059342 0.0925532724511585 0.174560371372019 0.0906468931262893
"mb63" 0.829081056671935 0.031248152915094 0.77895993478769 0.196232221546255 0.09252514819408
"mb64" 0.684912652763943 0.0584737354939953 0.228450592353449 0.167964475041866 0.117511435188926
"mb65" 0.777536733875378 0.0480201072011646 0.520796253330061 0.217292259194697 0.125600997714064
"mb66" 0.875303804374783 0.0387564891182607 0.802054439929305 0.242601842967576 0.118780546752639
"mb67" 0.920779984617473 0.0426126092057388 0.84370826508307 0.274628506292634 0.133179273852073
"mb68" 0.854175054352202 0.0285906625632619 0.843810997186282 0.182283452384058 0.0863363966456059
"mb69" 0.780872690514966 0.0479270783185208 0.515595741850215 0.214477712706393 0.123010391804151
"mb70" 0.773066986072203 0.0568363830462158 0.447656292787324 0.21457033290149 0.146969641008488
"mb71" 0.696060391709104 0.0765136504470412 0.134377781935802 0.181987658183632 0.110034106821288
"mb72" 0.595756723891854 0.0753508237978603 0 0.137079486295566 0.0448628318847999
"mb73" 0.882010154627279 0.0399529081869161 0.75788872684067 0.251151430206449 0.119401769881582
"mb74" 0.87531103124136 0.037069614421685 0.791576776076356 0.231638019011907 0.111387290701117
"mb75" 0.698205441939055 0.0733407263017814 0.207092249058655 0.185481969294753 0.112474973490915
"mb76" 0.658826498726023 0.0475584099373458 0.280112306336438 0.171500469589668 0.11040850578871
"mb77" 0.798376852505293 0.0314052452090186 0.739650751276066 0.19655862565715 0.0918016366285946
"mb78" 0.676142935411213 0.0348483155202452 0.57893917296455 0.21121212263923 0.0970960601527961
"mb79" 0.650707688325973 0.0606428443418226 0.145116052946333 0.151661956800141 0.0949454626883286
"mb80" 0.844927864642345 0.0273797487057863 0.843656899031464 0.173576765451588 0.0832229102977507
"mb81" 0.66637391029573 0.0776547879436045 0.0830718815517079 0.166847886334576 0.074581586883523
"mb82" 0.767256195597938 0.035012838299786 0.676938866313191 0.215618944667464 0.102491746740366
"mb83" 0.977534209272245 0.030814727846648 0.968772472647578 0.205234746308652 0.10220750611812
"mb84" 0.70795562391596 0.0491534851475499 0.453932362754889 0.187054003273965 0.110988790144206
"mb85" 0.879068787527652 0.0386299309767507 0.817270998836283 0.2488988160355 0.124831792856723
"mb86" 0.749930876734366 0.0620567193593215 0.343546336142393 0.203438394100453 0.131138700154627
"mb87" 0.640012432326173 0.0616413063258922 0.124324251346741 0.148252871504383 0.0876833096736206
"mb88" 0.715163906494923 0.0555381989873241 0.29008599316374 0.178942727409687 0.115655800712051
"mb89" 0.631538039254053 0.0803925266698336 0.0207131056855081 0.150326663100604 0.0695692902032855
"mb90" 0.718777133424091 0.0505522051082836 0.341689677726135 0.187788900426461 0.110913932033772
"mb91" 0.765459378745572 0.0662951211056627 0.331879817609543 0.211048066100573 0.131792346612565
"mb92" 0.572725904370077 0.0603067395631475 0.0932805536593561 0.126733265166862 0.0691016232207788
"mb93" 0.64798528736157 0.0749197394807023 0.0418482803601107 0.158017255476958 0.071970656658847
"mb94" 0.670677288122397 0.0723123942586411 0.168044203244828 0.176251467477749 0.0980496598617546
"mb95" 0.760896801846357 0.031849535542451 0.697688729812665 0.193754055806493 0.090173989450795
"mb96" 0.578405578084853 0.0723777365292362 0 0.130592470151566 0.0488993805221999
"mb97" 0.652387486278814 0.0338178104867526 0.539546137252863 0.150223635009477 0.08844309168006
"mb98" 0.780934772382794 0.0671012214303262 0.415976399767253 0.222436717430259 0.140150508585461
"mb99" 0.719939755590719 0.0609403791567377 0.321510293336255 0.201231833998506 0.123244725481474
"mb100" 0.582540180626305 0.0724681623305148 0.0102414530613762 0.131789047476832 0.0427926445775381
"mb101" 0.626709529310412 0.0731311795105497 0.041836082564491 0.149078170324013 0.0659768394783525
"mb102" 0.572833007460625 0.0714036992392864 0.0102113086226731 0.129769011054158 0.0510232398327737
"mb103" 0.675982270728021 0.0699744294499043 0.144614175594218 0.172986870619281 0.108746622308671
"mb104" 0.724161615353325 0.058719408439819 0.28096487059935 0.189825532567182 0.118531575713004
"mb105" 0.728304581106479 0.0503655944123453 0.38345453034934 0.184371145062181 0.113517857814144
"mb106" 0.751017995533955 0.030497459125067 0.687467896217746 0.186391399074736 0.086476193098868
"mb107" 0.844030595277685 0.0529125955252049 0.615739426128723 0.247700862595866 0.15333227356928
"mb108" 0.565362682742685 0.0600980988749767 0.0627155376183444 0.124349397497325 0.0656417649998611
