"quartet" "cluster" "phylo" "mutual" "shared"
"mb49" 0.708118031485459 0.0665422358101439 0.300903747919339 0.181217704229085 0.120758357285221
"mb50" 0.601058958861938 0.0780643961961422 0.00995592669087176 0.148930229180791 0.0726933936258922
"mb51" 0.694708951824099 0.072192335094576 0.134825679139292 0.187146076581859 0.101471530873623
"mb52" 0.773697992435263 0.0353678482820153 0.69136245855359 0.21242337703422 0.100442465103453
"mb53" 0.749477505224948 0.0340094546380973 0.757748518794615 0.215800644471079 0.106127011691279
"mb54" 0.78519374499096 0.0637636682824134 0.41739586398768 0.238193919022893 0.150986647037842
"mb55" 0.731768058810995 0.0828054094587009 0.207259761706502 0.210738460277491 0.119655373692499
"mb56" 0.88161234643111 0.0377943532151503 0.8436436487207 0.239186030519983 0.119758676826502
"mb57" 0.69002808988764 0.0758071249952837 0.167041126484522 0.178902895081818 0.11197253135496
"mb58" 0.751803719108579 0.0816500619860454 0.231490321089613 0.223326746226719 0.128988237620666
"mb59" 0.748501275158153 0.0521576325300786 0.418037925765476 0.188613703865723 0.122865621293462
"mb60" 0.812914198580728 0.0469588256572074 0.610955251769023 0.22225138912214 0.126090866406057
"mb61" 0.863456777116367 0.0365060036521709 0.829677408661914 0.235294324897908 0.116572830446162
"mb62" 0.832837918175431 0.0379293028211536 0.73396934469861 0.235097386660862 0.110473765105177
"mb63" 0.808826695371367 0.0374955532742299 0.731066374717294 0.229592517863436 0.111409628690271
"mb64" 0.756927515204683 0.0767021256264463 0.302121202876867 0.228398567153262 0.145555878892991
"mb65" 0.85806903802348 0.0355073944541991 0.802023989735423 0.223231230394837 0.106526757490161
"mb66" 0.890786128831119 0.0402612812269119 0.818982925577552 0.255869001810737 0.125761281044669
"mb67" 0.844250773123419 0.0438243819009626 0.708045739645945 0.262814676054008 0.127941733511528
"mb68" 0.751630650814874 0.0705285596813527 0.28214348503821 0.214396206490533 0.145413321002728
"mb69" 0.848654390934844 0.0284782298938422 0.833213040330334 0.178901238924343 0.084430349524381
"mb70" 0.745706554327271 0.0563244620608175 0.437209972699649 0.18720171023376 0.120599558732329
"mb71" 0.570014623611882 0.0748504974854337 0.0100153806959805 0.136721597301003 0.0600682626621544
"mb72" 0.966545043424636 0.037849820216279 0.968759562116996 0.247641063605196 0.125027021504391
"mb73" 0.663066564157653 0.0820873249559577 0.0620212370991055 0.176572201885186 0.0925129041595598
"mb74" 0.764096635957077 0.0515199647045042 0.518221173680497 0.197230494602737 0.131079231963572
"mb75" 0.820536540240518 0.0308160120620887 0.789459522465845 0.191972588259409 0.0924829297414696
"mb76" 0.841762345556394 0.0487071464767983 0.656076067312853 0.222997243372975 0.138774544146796
"mb77" 0.750587248322148 0.0640770688039099 0.354132735160169 0.215273048015017 0.152410206512872
"mb78" 0.661960953086321 0.0804043752328247 0.104324641166118 0.172258286123018 0.096128003388996
"mb79" 0.923262150687536 0.0318929767669334 0.904186982794702 0.205150006338543 0.10038890353465
"mb80" 0.822090018889637 0.0448006905959709 0.670156391314609 0.214063078424492 0.129992214437995
"mb81" 0.65970866352743 0.067315778829177 0.206201968275432 0.16113726403456 0.0910832890268654
"mb82" 0.678511379245487 0.0664103735291014 0.209062829573086 0.16882749046546 0.091937312931035
"mb83" 0.802488643096978 0.030728920315545 0.770784719844765 0.191820225675579 0.0913234714262621
"mb84" 0.878901440119921 0.0390871276905526 0.79985437820728 0.243769055225511 0.118816791200918
"mb85" 0.641074798862517 0.0772078304627841 0.0937989235530272 0.161102960155688 0.0712863809305661
"mb86" 0.753452087939594 0.0441247980410888 0.53652924310908 0.200629378475818 0.119016088700156
"mb87" 0.599154463191728 0.0748479073599504 0.0523525495269096 0.146931713540563 0.0649381418270803
"mb88" 0.767989016246802 0.0568605336136042 0.450305048326628 0.218039807287822 0.146467415803004
"mb89" 0.781405721852458 0.0484495831943435 0.582383545599143 0.18830888554303 0.132531200749026
"mb90" 0.676798062118292 0.0817681250673079 0.086047781373973 0.181288383758024 0.101547632826138
"mb91" 0.680705612054323 0.0526852338942254 0.323004458570537 0.16796621507389 0.104515424663555
"mb92" 0.793160876091554 0.0538933673584211 0.541606146578614 0.202997195815843 0.127682742369085
"mb93" 0.686959564152547 0.0327080780069898 0.479907455839733 0.153080873284569 0.0924810112497698
"mb94" 0.718224513482145 0.0560719907037113 0.415571491938116 0.183019075904547 0.123026329404486
"mb95" 0.798171891295013 0.0343069132996081 0.691309981932593 0.208700424029952 0.0990013281093001
"mb96" 0.69844494015209 0.0811319395308657 0.118145194821869 0.192773750228313 0.096055431337606
"mb97" 0.631090164883437 0.0769590561393843 0.0628338501027192 0.156258936665906 0.070757578409139
"mb98" 0.689780356867527 0.0703226377567867 0.208994247907488 0.176538247278568 0.11568112642535
"mb99" 0.767981861246634 0.0460827864102978 0.536958272757186 0.206921935034134 0.127227065763654
"mb100" 0.675986860671189 0.0691933635602187 0.187940181709652 0.172372858186293 0.110709097208908
"mb101" 0.644052659084987 0.0779582037950473 0.0628443080846393 0.16141155451414 0.0702408615065277
"mb102" 0.600514406381041 0.0741536647090256 0.0523558170499624 0.146933860651351 0.0648289286299088
"mb103" 0.690321170011175 0.0374264030532726 0.511453323881399 0.168702483673798 0.0880568908860387
"mb104" 0.714193523153942 0.0439401499529832 0.479962733259956 0.199427808655659 0.121206690128361
"mb105" 0.684696999283994 0.0655692347878289 0.229992278379561 0.175237431233139 0.118637475397839
"mb106" 0.749505480919806 0.0583330848333269 0.45818224097608 0.190753903533445 0.12257431243692
"mb107" 0.776484751203852 0.053214875384023 0.473345731571494 0.236998445179546 0.135227756721123
"mb108" 0.671386199289129 0.0571480337220693 0.280984419934112 0.16706216357836 0.105300557279513
"mb109" 0.68695640197503 0.0532019671134479 0.374799249826588 0.168505712638142 0.112245628817286
"mb110" 0.619305393644894 0.0758180337902207 0.0307676240056535 0.153154316044434 0.068620156289941
"mb111" 0.716638165811641 0.027626111049865 0.76030155617396 0.171366779900023 0.0816738990093298
"mb112" 0.714983173126758 0.0701978822624036 0.166268188635119 0.195894077003892 0.0956856428063791
"mb113" 0.595593950979502 0.0717683844732859 0.0729038322458151 0.143317712227796 0.0570062520983085
"ufb1" 0.555507591110576 0.0714310787407374 0.0100184809843524 0.128703895384644 0.0544954717651949
"ufb2" 0.507328990228013 0.0226863185796937 0.655758594983079 0.132351238936263 0.0616324850135914
"ufb3" 0.586933296778854 0.0722176308489268 0.0427637982031905 0.139331032942146 0.0564805007982075
"ufb4" 0.772557503985425 0.0389717421212588 0.647125304779157 0.183101093159083 0.113820103856256
"ufb5" 0.643937592160967 0.0349462930643203 0.51832175627992 0.158554799964352 0.0853890466465063
"ufb6" 0.653054354547213 0.0677089753823431 0.0721591451582568 0.164413964671631 0.0721519303402634
"ufb7" 0.635037021522207 0.0776305915675083 0.0516904308776061 0.162450438973047 0.0772887039379085
"ufb8" 0.728615299311168 0.0494906455400228 0.456876615984346 0.188998023112236 0.11724983515623
"ufb9" 0.754913610066813 0.0465011933531194 0.533125304569358 0.212263579033585 0.129200938098871
"ufb10" 0.709493982085213 0.0485645745141252 0.424730197835238 0.1841927536215 0.110394019953889
"ufb11" 0.621306356293066 0.0297191913911904 0.562298477989927 0.133341919408028 0.0767411652211272
"ufb12" 0.695111823830933 0.0592473215106301 0.339997211856807 0.173327110777162 0.121533740248162
"ufb13" 0.71054214925758 0.0487616304204972 0.438533773421468 0.182860745995398 0.11213942209093
"ufb14" 0.615173699539513 0.0727030230211503 0.0536550573727708 0.148574894138665 0.0625950050254372
"ufb15" 0.746844631268756 0.0511311224276736 0.510236131885361 0.191365806727331 0.119115943470602
"ufb16" 0.66762373951197 0.0759838384728236 0.115874753988477 0.169672397584942 0.0935637609525176
"ufb17" 0.753651585322408 0.0309185477120914 0.729267835435674 0.191114072356141 0.0900241446764335
"ufb18" 0.680455730479496 0.0582830372581389 0.261871604994842 0.170412375279483 0.110256154553896
"ufb19" 0.674906854972924 0.0635007777318847 0.209184030663321 0.170224493933581 0.108134343345823
"ufb20" 0.748506484044878 0.0466440692970146 0.480575460647439 0.212353935946712 0.12798229644376
"ufb21" 0.712437695362001 0.0507333338459359 0.397406566314975 0.19259736935976 0.124224699923213
"ufb22" 0.538604969696808 0.0617365836897198 0.0721249440699173 0.123897932048537 0.065029177110964
"ufb23" 0.603466210523083 0.0737883401303818 0.0208274649586988 0.145002713006753 0.0606452737325973
"ufb24" 0.574987605354487 0.0282405876048162 0.60614868626355 0.163429572687233 0.0751930516317613
"ufb25" 0.701359576280462 0.0619224676296399 0.297642977221761 0.174838954768477 0.109765351059001
"ufb26" 0.605847302902626 0.0802794079921676 0.0205456463879272 0.145150000367702 0.072147322298024
"ufb27" 0.601535836177474 0.0717937542544402 0.072933801712556 0.145131197164359 0.0558681414914457
"ufb28" 0.669343339151345 0.0644344990472884 0.219663712223928 0.163492580256803 0.0893798679810399
"ufb29" 0.682012598180263 0.0270525460732958 0.715732590889703 0.16231607774473 0.071023282068851
"ufb30" 0.691980197326499 0.0529618882547893 0.333595733466573 0.170545242712912 0.106419351940962
"ufb31" 0.59311865545042 0.0749755532754745 0.0100336805189173 0.144332777950964 0.067934707498442
"ufb32" 0.565672778036653 0.0717803302609718 0.00998819412613105 0.134285987249406 0.0624821547495654
"ufb33" 0.657552200522005 0.0537883485447108 0.235541761938938 0.154680347438666 0.0850268466595317
"ufb34" 0.774994176319858 0.0441081830660396 0.570064790098835 0.195474846540944 0.114688774663283
"ufb35" 0.707300895437533 0.0606515851032007 0.356484079167392 0.178951769415437 0.12217414351974
"ufb36" 0.599082073434125 0.0389557320575214 0.425323915731362 0.144661728384041 0.0877358096903361
"ufb37" 0.653641981881786 0.0707049751412982 0.114685380269457 0.158998547704511 0.0737014421344934
"ufb38" 0.708264351872567 0.0412642374813291 0.445874383501237 0.178901283299324 0.104022651912449
"ufb39" 0.745028108565556 0.0319330610120118 0.705348364178606 0.198914540994885 0.090890427035068
"ufb40" 0.575626190543883 0.0719497146141288 0.0103229371990257 0.133600465251906 0.062246721754375
"ufb41" 0.588777443311909 0.0447054753454257 0.300652067704809 0.126841091608606 0.0810827069851899
"ufb42" 0.593389852651618 0.0740471909351208 0.0099042475021527 0.144619992672888 0.0719139325853632
"ufb43" 0.595920566216492 0.0753390506094261 0.0100336805189173 0.145179731851167 0.0670599404055821
"ufb44" 0.763736943715658 0.0487636891504298 0.577604165214985 0.190606368368101 0.120052196416767
"ufb45" 0.619491125059054 0.0315480572396782 0.515802789148409 0.178153792423055 0.0790030945990979
"ufb46" 0.784203686200378 0.0339944894299528 0.728046920239948 0.20881932322102 0.0987411936108527
"ufb47" 0.715854299991233 0.0420813264980226 0.453224901971894 0.182324109536007 0.104092627918202
"ufb48" 0.627403429759224 0.025737030864294 0.684678110689707 0.153813053606986 0.0700374595586395
"ufb49" 0.675388189265191 0.0327731706399589 0.586682787377748 0.196362163460814 0.0895131382495404
"ufb50" 0.579926254783222 0.0687551840888716 0.0427910557441991 0.134752461623715 0.0499485421750986
"ufb51" 0.678165788307147 0.0588867641609136 0.266553491021669 0.172922375791088 0.117728404840822
"ufb52" 0.715207088398929 0.0384955295177395 0.593776224333831 0.179492834625307 0.110726898867184
"ufb53" 0.767921731396383 0.0323891879970231 0.712786269448935 0.200054957889427 0.0927342670168
"ufb54" 0.645639942744576 0.0724467650469111 0.0927242032759911 0.16458862593741 0.0770612191968222
"ufb55" 0.557380737279702 0.0724695981055606 0 0.131345741420688 0.0642473512285903
"ufb56" 0.773121902067155 0.0562125061685935 0.511630384310418 0.214885367960639 0.138261434915487
"ufb57" 0.731155382081538 0.0414580267843667 0.542615213662027 0.189757784122443 0.106479605324151
"ufb58" 0.759421960721953 0.0454266767038298 0.551394347961729 0.209839668761919 0.129717694517067
"ufb59" 0.532153386319493 0.0670275654937035 0.0104786678876361 0.121465102920726 0.0576271655177498
"ufb60" 0.57957909769972 0.0421208915523695 0.353320211235251 0.134659590744608 0.0888197233803147
"ufb61" 0.820415613591688 0.0286146518554192 0.81038375461416 0.179175895717704 0.0848080744010547
"ufb62" 0.684876417694636 0.0386806601620587 0.515744749655672 0.176436606809315 0.0953436703161031
"ufb63" 0.68985291306628 0.0625574003913701 0.323263667085962 0.18205264386173 0.116349941261566
"ufb64" 0.601746063140994 0.0720324684409984 0.0321553910248842 0.144436888681945 0.0652841815871599
"ufb65" 0.685486449892157 0.055265905586038 0.340141610766547 0.173439087049824 0.108189333291526
"ufb66" 0.79393468118196 0.0250124311304099 0.810393823931588 0.158211963387175 0.0730724248642187
"ufb67" 0.66849642692485 0.0638547123531491 0.155754284110404 0.173415152221769 0.0954142308865767
"ufb68" 0.581751438587208 0.0404728282922747 0.342112550583973 0.127654666222956 0.0818123250453224
"ufb69" 0.622950457418129 0.0351776893033931 0.478387929835486 0.150867040535044 0.0887619689134526
"ufb70" 0.575550602871024 0.0726857404216007 0.00997380084164229 0.135788856746276 0.053082082721367
"ufb71" 0.60416886311134 0.0734138485890366 0.0308057941184462 0.145501878883931 0.0657489808761219
"ufb72" 0.566567038959677 0.0295824917033957 0.505168105927424 0.132567881059038 0.0737787901936943
"ufb73" 0.544977329195033 0.0702341957861162 0 0.126797089900679 0.0661435160389445
"ufb74" 0.640099655949697 0.0334544443991021 0.555741642325274 0.155001194067201 0.0911020299544344
"ufb75" 0.702577330820104 0.0777694432829339 0.130266580342089 0.196458205609071 0.0941331643053317
"ufb76" 0.558871250479009 0.0404800827034914 0.340932842384034 0.133377420980541 0.0841388516056007
"ufb77" 0.54005544005544 0.0322087033095063 0.397516398134036 0.114339982962329 0.073825949728818
"ufb78" 0.541010060801898 0.0676522243008922 0.0206210486493792 0.119696941983391 0.0543618000259979
"ufb79" 0.624606348335578 0.0658621542258137 0.0624682121781521 0.151704446077325 0.0726386169883083
"ufb80" 0.740759169746943 0.0295678070512679 0.723528722398364 0.181822646751179 0.0818007186983547
"ufb81" 0.615632102763952 0.0633077671608444 0.0623762283632104 0.15220386591288 0.0594457279457623
"ufb82" 0.75893343007437 0.032925295739641 0.698768881063139 0.201842412885396 0.0948151753351179
