"quartet" "cluster" "phylo" "mutual" "shared"
"mb49" 0.830900449003363 0.053371303085245 0.567269454268398 0.24496247794983 0.145147927341111
"mb50" 0.817945923504074 0.0371823684836373 0.726220091096388 0.237166974527746 0.113352488802561
"mb51" 0.867884521285272 0.0374724530675751 0.812510359256059 0.235791510384565 0.117048154621191
"mb52" 0.756223296059924 0.0562769883994258 0.446178658483202 0.210130296651539 0.13951251389761
"mb53" 0.597786520491421 0.0768903760507496 0.010457556076256 0.145728562071312 0.0685003497506442
"mb54" 0.732374289698651 0.0685217721470722 0.250229207704598 0.182285537934892 0.116373267694239
"mb55" 0.64547955289514 0.0727649085231732 0.0939583223068243 0.157895639108466 0.090410440750875
"mb56" 0.900860415410752 0.0371766668832338 0.812509191923559 0.23563149805668 0.11410906756366
"mb57" 0.696406311468805 0.0776353232981602 0.155171032180176 0.188011138414998 0.10981489940554
"mb58" 0.835282600855273 0.0393529702042399 0.757822056723564 0.251436325605904 0.122345559510105
"mb59" 0.859801726894787 0.0314699203364173 0.812457833666244 0.203331829378988 0.0966951973191037
"mb60" 0.811409315200385 0.0349825710091103 0.770914212915493 0.22508967935953 0.106967282408485
"mb61" 0.978243490178164 0.0359993974233105 0.968725852858602 0.239788862402539 0.119924088506146
"mb62" 0.879578560316787 0.0307913004161962 0.864530053977924 0.201331078779591 0.0974711346640795
"mb63" 0.739938583144691 0.0693899431335268 0.24821476195421 0.209842819618803 0.12577402960416
"mb64" 0.812052381942214 0.0635539742235774 0.542069534379027 0.249014046527421 0.172836917581695
"mb65" 0.866312618087116 0.0382062956847943 0.812355117151612 0.245705653267678 0.119480710261009
"mb66" 0.723487407471978 0.05858609847718 0.385328040241671 0.193691081998753 0.118834341122286
"mb67" 0.858720299714089 0.0430782047092971 0.733860588660858 0.264285514625246 0.126515991937645
"mb68" 0.668153479557678 0.0769792934289036 0.0924717138474787 0.165801576571107 0.0973022517233439
"mb69" 0.825369600477265 0.049834350237136 0.656121158586817 0.235295706399015 0.148506440793529
"mb70" 0.693750423600885 0.0714080514920419 0.217840516208814 0.179475728951886 0.114995938118141
"mb71" 0.964323748668797 0.0326593264948353 0.958301137144803 0.217702806538028 0.108092072871343
"mb72" 0.881701044594093 0.0385143631703011 0.819130092982823 0.249231109744079 0.122456725589998
"mb73" 0.702095033055417 0.0639313547947601 0.280043410779249 0.18515250325662 0.123114759590433
"mb74" 0.797690220163643 0.046236099762634 0.578832639088087 0.214237741627591 0.128275033256169
"mb75" 0.78149160650976 0.0561847768791501 0.41441839006065 0.216091636012753 0.136004304422674
"mb76" 0.656321600935992 0.0658218977216828 0.111878596444175 0.168845590502774 0.0764328135107113
"mb77" 0.744366597235372 0.0547534987713586 0.468685856095719 0.207270105317694 0.132938528674061
"mb78" 0.599564227984493 0.0795668203885312 0 0.139771618899819 0.0577068049084059
"mb79" 0.713817654447441 0.0693232821366159 0.208292353662756 0.173546019388319 0.100295692631285
"mb80" 0.856208471760797 0.0392327510980196 0.755309080608148 0.253657948161585 0.122440100313989
"mb81" 0.821341656967517 0.0373861627685012 0.733979750257689 0.239718710364866 0.11547161844945
"mb82" 0.695978065687089 0.0673444378381484 0.238482919480748 0.179722095204846 0.113558628476986
"mb83" 0.75477644278117 0.0306747555695263 0.726234621513576 0.193987707541374 0.0888118109687284
"mb84" 0.784672869807312 0.0287712384676187 0.770810329068362 0.178426786339664 0.0836290921587812
"mb85" 0.761379597706943 0.0624404317994198 0.325499953449914 0.208347014911621 0.125025987804946
"mb86" 0.82009739329705 0.0507507245114476 0.635186212451067 0.201649315138591 0.141403401828312
"mb87" 0.707570369735658 0.0745203250970928 0.212693016793779 0.191613616862441 0.113478331746956
"mb88" 0.627724926314713 0.0716917268954059 0.0418685477211203 0.148283680274537 0.0704697437838944
"mb89" 0.601370418777587 0.069306445438099 0.0313838708113243 0.137686973666702 0.068529029779784
"mb90" 0.664407194420653 0.0373663785762536 0.510396304657116 0.168538212134998 0.0915428420529088
"mb91" 0.680343326693491 0.0683527095447844 0.177142538246614 0.161396368587833 0.0904638803038688
"mb92" 0.644566328963247 0.0732676043013549 0.082080688884912 0.153220579316286 0.0770159451335316
"mb93" 0.598415650536447 0.0751903105029611 0.0104593053654773 0.145393297561426 0.0649048873943907
"mb94" 0.709669833851399 0.0703998770147984 0.229118556292807 0.190148206523651 0.111923450146278
"mb95" 0.602774817930076 0.0698529551117623 0.0417614478208119 0.139752355164112 0.0742401017676702
"mb96" 0.642650937168493 0.0731865677131405 0.0523556446115069 0.154773615060366 0.0755536542881874
"mb97" 0.742829852430222 0.062301440498946 0.352751521580148 0.209767062265623 0.117986974434828
"mb98" 0.66939480245793 0.0700732187426558 0.134626721151256 0.166704739202642 0.0909267783209105
"mb99" 0.727713661158617 0.0606762441747078 0.274730780855903 0.200731848168529 0.116584122283045
"mb100" 0.653068535825545 0.0720888599151836 0.114735600755297 0.162135026604517 0.0954209241597757
"mb101" 0.619137787584538 0.0628940784840946 0.101790996486751 0.152809945436888 0.0723689914870797
"mb102" 0.60943455636207 0.0697503009204957 0.071732012735658 0.140285125369733 0.0720490392320773
"mb103" 0.751751925850237 0.0597934572081205 0.355209022732516 0.189871785121307 0.117838710822018
"mb104" 0.759233620651155 0.0514841406207186 0.477610639469222 0.195089739523633 0.121766974645161
"mb105" 0.646840464720884 0.0321343172595671 0.572713450891858 0.149295679553394 0.0817111084177853
"mb106" 0.698600296975224 0.0552817078490736 0.292541876761956 0.173841488519584 0.104887860128886
"mb107" 0.711838436065764 0.0545371294758472 0.360381564020048 0.179787986268057 0.118147444310409
"mb108" 0.696699258481528 0.0286561589868218 0.702044733840516 0.183587422221286 0.0846584995019514
"mb109" 0.584157886993589 0.0764623184533105 0.0104531360410859 0.135620573030472 0.0626945429457529
"52" 0.621409171940991 0.0708064121687172 0.0821460100895148 0.146026838396252 0.0782803645569649
