"quartet" "cluster" "phylo" "mutual" "shared"
"mb49" 0.7717753495039 0.0641739584056921 0.364788527627178 0.206660575540355 0.134654980914755
"mb50" 0.755889132264732 0.0685114936484828 0.323090142911498 0.204678298454648 0.127287930136741
"mb51" 0.743329968815439 0.0594001445626102 0.437327006963873 0.195383138477967 0.126453402893118
"mb52" 0.729774172330629 0.056545913819754 0.348650894929654 0.208274647538945 0.128193810886951
"mb53" 0.715042355135386 0.0741015350328373 0.239018773427229 0.19049477007297 0.11712647609406
"mb54" 0.988950925653835 0.0333283378684563 0.978924391508481 0.217919733583801 0.108210870383617
"mb55" 0.800829060761427 0.0457133948702663 0.635296248500399 0.212424442136292 0.12747053165077
"mb56" 0.856178764247151 0.0296420129979923 0.873650179846247 0.190990463708342 0.09126659805499
"mb57" 0.696391196626693 0.0720737696494006 0.208134768469682 0.183014095627242 0.107457356182715
"mb58" 0.847622567134762 0.036799464058171 0.79163645366242 0.227713545207642 0.111409582243623
"mb59" 0.861047717842324 0.0352331623073014 0.854053039561915 0.222990824249451 0.11072110201713
"mb60" 0.899090642417131 0.033163263926072 0.872258784258987 0.213505697769676 0.10287155462329
"mb61" 0.829617668507136 0.0388583678196519 0.715790777750577 0.238971840825075 0.115084271589664
"mb62" 0.676157074458653 0.0685931775556686 0.124791187352975 0.166807582942816 0.0811895023977496
"mb63" 0.754602488943742 0.0569968220098641 0.390130504558976 0.208219296484238 0.136100689134366
"mb64" 0.701370784938006 0.065102211980921 0.207580124329355 0.178814819937534 0.109583802170969
"mb65" 0.789115131329952 0.0293247014007104 0.749819889725469 0.17628594555658 0.0797326284792831
"mb66" 0.734791291218158 0.0730750888246143 0.294299692612008 0.198064580111689 0.135356593621988
"mb67" 0.876393458724157 0.0400910395851675 0.771745538967824 0.250792516698048 0.120796201866355
"mb68" 0.649120684378714 0.0757869188726193 0.0514206063883888 0.165122353752292 0.0820739551327052
"mb69" 0.864777412452377 0.0389208573428367 0.776465988839617 0.243398432700218 0.118175329342643
"mb70" 0.796720120400644 0.0380583134428059 0.712726544833012 0.232549421462292 0.111507847650452
"mb71" 0.793127863390254 0.0466530242051274 0.575083972145718 0.21808927313568 0.130505917317301
"mb72" 0.62300493818019 0.0841105852369821 0 0.148388383729757 0.0592181561648569
"mb73" 0.64917547598649 0.071229925043589 0.0930806935381505 0.167252628929582 0.0958393296667008
"mb74" 0.778025226837309 0.0571981372050666 0.448810086100954 0.213809811353981 0.135879237338303
"mb75" 0.811558496409968 0.0299809698806938 0.789503492073214 0.185376419823418 0.0854980634265832
"mb76" 0.636570911127745 0.0835730557844552 0.0516745800911887 0.160260637497026 0.0679144339150203
"mb77" 0.750556517437546 0.0346794327912893 0.641818486439534 0.202709227702642 0.0942992589916393
"mb78" 0.816443927948867 0.0388646914472713 0.705201058107136 0.236766913879187 0.109794720188689
"mb79" 0.896166909267346 0.0353124976289953 0.8750640748657 0.226074371638002 0.109017936787257
"mb80" 0.687661303123475 0.0669893552725969 0.147234475077884 0.172796505636032 0.0923150756280252
"mb81" 0.62230766755078 0.0643083163115854 0.0725300314401505 0.144293075819173 0.0669209141605739
"mb82" 0.702294829943225 0.0608601923808761 0.260824614054193 0.179515888662873 0.109133643278279
"mb83" 0.861616754746526 0.0381253298087906 0.802168827399092 0.236220901471776 0.115307026743052
"mb84" 0.756814537680385 0.0329741149833356 0.739442813742715 0.200153538423887 0.0930040123360359
"mb85" 0.666016679809783 0.0689552219364892 0.157566161830233 0.165424133246765 0.0784444232398385
"mb86" 0.769308244661943 0.0524303620406977 0.541528160455596 0.202008319587396 0.126959765301101
"mb87" 0.743385256994504 0.0605360243844283 0.407464441239648 0.196424387720958 0.137121617490359
"mb88" 0.731159589360709 0.04097656085457 0.583204190024571 0.191434530327103 0.112530758401971
"mb89" 0.602273003142463 0.0790336841475228 0 0.140858730669898 0.0600250185817275
"mb90" 0.636151304821259 0.0744069964348017 0.030545441741859 0.157638961478178 0.0782157566376199
"mb91" 0.624484910180172 0.0729087802720999 0 0.149533767977394 0.0752094816896835
"mb92" 0.702578590160613 0.0477366424898485 0.416546043569984 0.176667340078393 0.112565348828671
"mb93" 0.693833232860196 0.0578548262169613 0.226452701378053 0.18251925176651 0.0995479961443655
"mb94" 0.672914497281037 0.0573081424928855 0.203505496630924 0.179121949135847 0.103995973348342
"mb95" 0.668923665605429 0.0607214914800311 0.174730216821476 0.171020747890986 0.10178226357872
"mb96" 0.597882165084671 0.0644142548806338 0.0523024860607596 0.133336223232718 0.0657745170966397
"mb97" 0.599307352795375 0.0622684268166483 0.0524242521976023 0.133960928229856 0.0584440821919706
"mb98" 0.761104982326587 0.0426356599970802 0.57277527455887 0.190214195606939 0.113777003658684
"mb99" 0.80743067524706 0.0544489725935656 0.622844285634598 0.212881502651869 0.150267676691511
"mb100" 0.771938088829071 0.0302613210708901 0.7707795483616 0.186142564752571 0.0873266954018664
"mb101" 0.629444857539758 0.0651029926261955 0.103438549292382 0.160364135418023 0.0925019243932117
"mb102" 0.710447200300639 0.0224425533736729 0.625707159024601 0.139916767762913 0.0641085041603549
"mb103" 0.636248652855945 0.0825102109957267 0.0521929866856962 0.159411044121685 0.0702058645881306
"mb104" 0.731046752990017 0.0447615674063729 0.480920542981323 0.197128159130336 0.114874910147877
"mb105" 0.702933445331904 0.0538804453838269 0.354007310723513 0.175750976127767 0.116205093696396
"mb106" 0.610639291128885 0.0809051603279628 0 0.143101844889111 0.0632863382319128
"mb107" 0.718235118342281 0.06891568171285 0.249914720074161 0.188379905699807 0.110875743825116
"mb108" 0.712680312092552 0.0573106958060264 0.291657483395416 0.187535282480223 0.115844431850257
"mb109" 0.726446999710117 0.0503460368344419 0.468571419356187 0.187463843415505 0.112080027617617
