"quartet" "cluster" "phylo" "mutual" "shared"
"mb49" 0.903755503755504 0.0387379831475662 0.822816023118988 0.246539705023146 0.118725860314516
"mb50" 0.899074026175573 0.0386720058988045 0.829607455263039 0.24417687184968 0.121711898437509
"mb51" 0.604759159423479 0.0792386212542379 0.0102167511534459 0.148300255674254 0.0578163917608742
"mb52" 0.646900851957032 0.0472644691887894 0.310777311045727 0.153871404639425 0.0940416103995164
"mb53" 0.851175497879071 0.0287401533311576 0.873559028248398 0.186658105361045 0.0907496783519528
"mb54" 0.771697590695098 0.0356772564095482 0.708221983025264 0.222138052976723 0.107474033015353
"mb55" 0.848511674228173 0.0372224486662441 0.78720612659364 0.238437450907897 0.116823430641819
"mb56" 0.712322408782693 0.0421449278369548 0.531064489924212 0.19347233431429 0.115753351943869
"mb57" 0.875296771130105 0.0344388834869327 0.833196286800324 0.216108878806316 0.105085671672583
"mb58" 0.836438923395445 0.0428242579267698 0.677256799753196 0.266267399189629 0.129542947340882
"mb59" 0.728638422381659 0.0750212786891479 0.21628598777401 0.218074190373709 0.14226186892945
"mb60" 0.790510754341719 0.0457711809822813 0.543697226181958 0.209038273064484 0.119600560062921
"mb61" 0.702873953383118 0.0641977317442113 0.261135151231154 0.190693370718518 0.123520950531239
"mb62" 0.976955517622251 0.037454801405642 0.968705031606357 0.245861344725668 0.123602618394996
"mb63" 0.766611230593746 0.0624744808239124 0.382664056900233 0.238573699886706 0.156038956865197
"mb64" 0.692776565715054 0.0818902907417311 0.111439796134114 0.180396800814681 0.100575916881108
"mb65" 0.659426276355852 0.0729116132285533 0.0813878592290492 0.184749188697711 0.101903575945756
"mb66" 0.795481763745237 0.0362850760757901 0.702088577231095 0.226812396696982 0.107894804204201
"mb67" 0.807266473180694 0.0359582939062555 0.706304932851194 0.220060262174158 0.104282281142559
"mb68" 0.723857701345209 0.0528746904157235 0.402793376433379 0.201756057977375 0.125972667219563
"mb69" 0.720140629373048 0.0676463948728162 0.236570596874044 0.172433389616646 0.110692054820026
"mb70" 0.733610197973306 0.0673173147264993 0.257613145802206 0.217542981990757 0.140036818173854
"mb71" 0.887449909983158 0.0357742375313576 0.826184869034945 0.234254823514337 0.113270169717367
"mb72" 0.763049579045837 0.0535193227973252 0.469582187288288 0.207688425935525 0.139186759348293
"mb73" 0.783698952026482 0.0514953192276844 0.476355713918648 0.237902962039493 0.141581314300109
"mb74" 0.730880704055512 0.0442073785323391 0.50033842688292 0.196157877304814 0.106670430596717
"mb75" 0.808688545203068 0.0330898676789202 0.736732775762793 0.206794631079567 0.0971502341352723
"mb76" 0.684662431137766 0.0656375989361219 0.198345310276286 0.180882570051686 0.102982090280489
"mb77" 0.744044005508092 0.055098397324712 0.421154021110772 0.183656649277439 0.113012955161293
"mb78" 0.587722844069577 0.0746630325450164 0.0100990082390575 0.138855606409292 0.0659328436268978
"mb79" 0.732445666782235 0.0658081941500127 0.319838064195082 0.183579574756336 0.122346234614536
"mb80" 0.593638055447263 0.0642796652401555 0.0935992079390586 0.14038874657375 0.0741811422432904
"mb81" 0.757134121483897 0.0349272349914601 0.694672337700048 0.217413387954323 0.10270037462219
"mb82" 0.663390980810969 0.066332395804468 0.156404385483117 0.170599999386211 0.0962314712967671
"mb83" 0.75188705619234 0.0280437569134446 0.770811919812551 0.174289088965587 0.0817012574834367
"mb84" 0.658505796379724 0.0449490560512731 0.325968801439252 0.164417107659557 0.0982535930700889
"mb85" 0.597643723587934 0.0765142253606452 0.0102508517180007 0.143031201273153 0.0491900587911834
"mb86" 0.690165846359229 0.0567329270190361 0.326248272476191 0.181870310488118 0.115009944964074
"mb87" 0.809174091018541 0.0329624730818317 0.774159326263831 0.211916463329022 0.100034281634422
"mb88" 0.678666903014392 0.0724965643215513 0.162934607272865 0.173001771388209 0.106180174332916
"mb89" 0.61318108839413 0.0662411683195138 0.0503922084367142 0.158000311340793 0.0606290279202291
"mb90" 0.599427393208476 0.0766953120656338 0 0.141842130235602 0.0516226209046649
"mb91" 0.597938765403224 0.0767804125335445 0 0.141795134221676 0.0489372514881333
"mb92" 0.642580816305477 0.0651519704177554 0.124959444581452 0.157456898529682 0.0851055503347561
"mb93" 0.862907359941413 0.0273166339039014 0.884307829571114 0.179191449327332 0.0862463793872198
"mb94" 0.611526523702032 0.0344345331196308 0.489328566162584 0.155531192373409 0.0795565846330135
"mb95" 0.768856902514254 0.0227509562680193 0.625899367872871 0.147221340274308 0.0682205934152527
"mb96" 0.752811615890014 0.0495316359518581 0.456822947415858 0.187266922400301 0.109218367346435
"mb97" 0.62869612863 0.0729320763798509 0.010520158635761 0.15128233007345 0.0722941061304188
"mb98" 0.728944334744844 0.0480384343679975 0.43556298583606 0.182034614602002 0.101690719666826
"mb99" 0.722289372476889 0.0625494973854675 0.256782353575691 0.186901935947304 0.108909433351074
"mb100" 0.584532136729576 0.0736667459935389 0.0100669808619934 0.139032570795757 0.0723583255876944
"mb101" 0.694906654793584 0.0671092378970388 0.195151654719877 0.16418289014095 0.101109615337364
"mb102" 0.656724959450102 0.0761070100625076 0.0605838468133574 0.161493769551339 0.067534379126699
"mb103" 0.600286326650291 0.0644055453179987 0.114554874185297 0.145502898386308 0.0815787703895752
"mb104" 0.577283245744934 0.0624427489299934 0.0727622348487071 0.131615076617134 0.0636379673551321
"tnt1" 0.712412017962668 0.0705724290625614 0.163817443851629 0.177209513047227 0.104260832275262
"tnt2" 0.634863716769183 0.074501114959391 0.0612080650801353 0.15748831101202 0.0704556126922338
"ufb1" 0.738266151297626 0.0503820243404703 0.430610392276223 0.19003261982999 0.115502092815287
"ufb2" 0.74626724983033 0.0442921552087838 0.52112826760691 0.207192722736359 0.118641584008801
"ufb3" 0.653301675785417 0.0516863560287791 0.259355574196813 0.168178639071829 0.0933313189749176
"ufb4" 0.738829723345478 0.0526847402179011 0.489630204072897 0.202043537147678 0.132220812814252
"ufb5" 0.713918729565624 0.0260244642328527 0.72619170049077 0.159282996198288 0.0730799516584145
"ufb6" 0.744390368852459 0.0349933326939536 0.663152211895129 0.166321780220453 0.102787526713662
"ufb7" 0.673332677521412 0.0704559374711243 0.104260748326061 0.193434049738934 0.104736103509614
"ufb8" 0.777254532611255 0.0247942540025623 0.812384366987774 0.158924402171983 0.0744301562413315
"ufb9" 0.745201199569492 0.0607177168618682 0.380415933528265 0.183200188807187 0.118081476285198
"ufb10" 0.72771239905311 0.0677283037695962 0.236541967674074 0.219483585010865 0.141097397029043
"ufb11" 0.65387872554277 0.0635584314672199 0.145941156354384 0.161474136335475 0.0838900737565205
"ufb12" 0.677471900961069 0.0493157157310394 0.358796509893396 0.17762669047697 0.105316618664625
"ufb13" 0.686920906955608 0.0483735491959784 0.38078711103057 0.178723498572951 0.104599636102082
"ufb14" 0.552966886659176 0.0596932172674191 0.0624268119204542 0.125242143737887 0.0647984351047809
"ufb15" 0.600121983974215 0.0756183904380342 0 0.140559776971966 0.0531167645421057
"ufb16" 0.726790207139 0.0478415291391615 0.430862264638976 0.181038054172264 0.102977090645511
"ufb17" 0.723524659708606 0.0623503904002813 0.287058323453584 0.169577115149025 0.10780140000166
"ufb18" 0.640913851234894 0.0639283674465938 0.123964198363085 0.174545972324721 0.0713144868464907
"ufb19" 0.733932435330123 0.0432643727614052 0.513142534085377 0.20141387605917 0.12177295579735
"ufb20" 0.71238042576721 0.0508226630403757 0.4353479475789 0.19379816991412 0.121295195619792
"ufb21" 0.680966669837399 0.0679128513093684 0.188789726980805 0.170513496272638 0.105539739241351
"ufb22" 0.602850467176107 0.0624830426410366 0.125056180169129 0.147188351016615 0.0823145598060757
"ufb23" 0.591231975020834 0.0617900409413308 0.104094002772993 0.139729068244048 0.0731362258957276
"ufb24" 0.565394633230359 0.0613730970140081 0.0727385653176966 0.126246108048323 0.0625909415189135
"ufb25" 0.564709766644263 0.0609698407640633 0.0727622348487071 0.127824714465285 0.0665702224676171
"ufb26" 0.689192973285792 0.0634541994702545 0.200718973696789 0.175222134820289 0.100503178998708
"ufb27" 0.684368033615063 0.0724700630382073 0.093500952151983 0.195956829149417 0.104077690132893
"ufb28" 0.730529396793077 0.0323517487204242 0.6520480255265 0.19970989666242 0.0930902782771714
"ufb29" 0.595116885125197 0.0758367986114479 0.0102343697025485 0.141713146300805 0.0501886012848757
"ufb30" 0.65173003411953 0.0744630549578119 0.0506732606202025 0.157913189449165 0.0578702204940784
"ufb31" 0.592817522300839 0.0752651698546755 0.0102508517180007 0.138911070345416 0.049666134751558
"ufb32" 0.676371007505616 0.0474152088025524 0.330250550078283 0.170051214237002 0.0996363486615765
"ufb33" 0.670975142498995 0.0630942796059343 0.211651391078472 0.164939724843266 0.104657704981135
"ufb34" 0.697552241392173 0.0730766583734126 0.137054822560464 0.176482068048926 0.10030421136389
"ufb35" 0.59754182356719 0.0769571206758499 0.0102343697025485 0.142370039144884 0.0498773924449277
"ufb36" 0.700472308249503 0.0528100278693265 0.361280486011316 0.173969269774427 0.10802690724677
"ufb37" 0.654800128117994 0.0628605184040173 0.18319704759241 0.163714746371781 0.096464442661887
"ufb38" 0.71725412776297 0.0589975616881087 0.344732537064455 0.177814962790204 0.119003554750983
"ufb39" 0.691612685291897 0.0761308664027597 0.125158230417857 0.172271192884124 0.0903965426135996
"ufb40" 0.697546889364994 0.0602588651289928 0.256903943256354 0.164055563073465 0.107525967967278
"ufb41" 0.755255382017729 0.0247640493072735 0.791418269825588 0.15510117073318 0.0723924079395136
"ufb42" 0.649218514044095 0.0615264705701582 0.184255120635047 0.161661639510102 0.101706321618861
"ufb43" 0.652319736974705 0.0749835065671146 0.0610856411959753 0.160438913320101 0.0673192798098966
"ufb44" 0.712150074540335 0.043204738572759 0.483595948945579 0.19736505029308 0.10810434007331
"ufb45" 0.734389502995528 0.0421838060076899 0.517423133920398 0.197004374950154 0.105710191587828
"ufb46" 0.616339217919514 0.0338188851645563 0.510077801594893 0.154067668163229 0.0796043864364829
"ufb47" 0.725771206402361 0.0327860918108473 0.67545957708415 0.156810883229848 0.0874849900942835
"ufb48" 0.618783504959107 0.0695598069410993 0.0415202280721267 0.145308969935402 0.0738015577282343
"ufb49" 0.701809860467837 0.0641831925065807 0.168025073542433 0.172001338006749 0.0986377950664367
"ufb50" 0.573637140529046 0.0610715315544243 0.040228148270984 0.140610569924271 0.0517391155777502
"ufb51" 0.587859275582139 0.0737060656317013 0.010154431501686 0.137433146370913 0.0611836903362886
"ufb52" 0.547302275414056 0.0611972694114241 0.0406344702212711 0.126587096960473 0.0601325987621754
"ufb53" 0.614337027313841 0.067220567700412 0.0625073352461296 0.143550446994088 0.0744745607441842
"ufb54" 0.575663903999809 0.0690939716302243 0.0103453865151806 0.132487277867757 0.060340865711139
"ufb55" 0.635075972186454 0.022015834333913 0.739311381619394 0.135437681264227 0.0629922908923781
"ufb56" 0.611635746082392 0.03209102416854 0.510137164819146 0.144880627186623 0.0694148308478224
"ufb57" 0.721214592401183 0.0614818377024279 0.297767974757696 0.182155925528994 0.117992420073341
"ufb58" 0.68845583809567 0.0555117412790625 0.271862025649205 0.182477987132027 0.109029081454936
"ufb59" 0.612900936701675 0.0515314604935813 0.217687345480883 0.150648949927136 0.08798011755628
"ufb60" 0.652125138098691 0.0684645729708462 0.132873182545259 0.161450623857673 0.0899525167956346
"ufb61" 0.557244806466936 0.0620670669162529 0.040547959987647 0.130699292469747 0.0609250631153274
"ufb62" 0.717121978875753 0.0590991648924856 0.319120560359709 0.174779445693152 0.11198469058918
"ufb63" 0.735019604021261 0.0540235473688342 0.405486660026549 0.179319031594836 0.113670096676418
"ufb64" 0.647476694155611 0.0402606807393211 0.424503270890992 0.178938790367839 0.0962105301481653
"ufb65" 0.601944030728228 0.0302907508273111 0.55882037846242 0.175220097620712 0.07570604932313
"ufb66" 0.691280498399067 0.0397202068612802 0.466493636453131 0.176280911996616 0.102769152718437
"ufb67" 0.671582850915061 0.0736788884155201 0.114392493575697 0.170121961953567 0.0926543318025456
"ufb68" 0.737669816893089 0.0282474332440942 0.728179275804213 0.178125352846418 0.0815453697842645
"ufb69" 0.772920130015135 0.0371835967883663 0.665109183972436 0.176906591150558 0.109476198293396
"ufb70" 0.768448596414718 0.0411380800384645 0.572709650436466 0.194700170193732 0.11507750308605
"ufb71" 0.744217178417231 0.0488192274228259 0.46086929545793 0.184931315123585 0.123132858467516
"ufb72" 0.684462185412086 0.0377410714118716 0.470432082569628 0.172101369596389 0.0904871467496478
"ufb73" 0.554298077805326 0.0685813261425736 0.010154431501686 0.128296740433841 0.0532206509877058
"ufb74" 0.776001843433814 0.0446893440382319 0.548160818237582 0.203163355040783 0.123598507573381
"ufb75" 0.466672505912236 0.0205624240236249 0.666649535850041 0.125501705358992 0.0548179743414563
"ufb76" 0.624008262726903 0.0710021538557425 0.0508115048980092 0.145925787792673 0.056174216340131
"ufb77" 0.652136700620819 0.042562532818165 0.399786035775928 0.160649747610789 0.0885788267395359
"ufb78" 0.592132404992966 0.0756676479247431 0 0.141670758298519 0.059310625464855
"ufb79" 0.597710396855752 0.0393407154626343 0.446165575555373 0.145606710842924 0.0899990431083882
"ufb80" 0.647592555798397 0.0381874553417708 0.413862303822105 0.167258143075417 0.0880575985215372
"ufb81" 0.659603626396795 0.0432910046016788 0.37439237020117 0.16145459912525 0.0988478529813892
"ufb82" 0.702459588636486 0.0331316200510289 0.614476974223215 0.152359653831513 0.0919675315443126
"ufb83" 0.58485135882626 0.0730062461973806 0.0100304776269152 0.140411441428579 0.0685447699563736
"ufb84" 0.658642548376802 0.0612613484719178 0.177243945231685 0.16670976478795 0.0924120549089855
"ufb85" 0.683622276495146 0.0464820299198102 0.374215540323396 0.168971001311487 0.101992954560374
"ufb86" 0.662681910147966 0.056500977261277 0.225055939903525 0.165440617600729 0.103036650281534
"ufb87" 0.594173356247034 0.0749010064725845 0 0.139734934585052 0.0469923742440528
"ufb88" 0.719226478244701 0.0443133864932852 0.425414542193294 0.200215247826142 0.110652255820434
"ufb89" 0.77413119473576 0.0432549712818862 0.597205686073804 0.201445304291264 0.124171449509741
"ufb90" 0.66502650148897 0.0691112122983392 0.131260172399929 0.167193275693202 0.0922413783293468
"ufb91" 0.632808631816946 0.074226352954728 0.071203727544434 0.154297005357647 0.0724152509065298
"ufb92" 0.675653193985283 0.0405341612341574 0.436678994515049 0.176784018014733 0.0978908123881584
"ufb93" 0.714705406906052 0.0553939510737512 0.321938739233074 0.183331416069233 0.10940552785786
"ufb94" 0.713969332476357 0.0658692859397075 0.201945380531766 0.179263058910381 0.106523503555954
"ufb95" 0.612097766836645 0.0296296183115504 0.583115668177742 0.133008896862535 0.0825111290099895
"ufb96" 0.583602283202816 0.0748539188961309 0.0101758517129144 0.139310219236788 0.0563005762434735
"ufb97" 0.602817068822061 0.029383708480085 0.603905421713118 0.175165865861529 0.0826711681452121
"ufb98" 0.716359040595531 0.0548824832425223 0.288850888269693 0.180446300413523 0.111444017651309
"ufb99" 0.592298901972475 0.0744198984757653 0 0.139503262002839 0.0530495298696794
"ufb100" 0.731226741809891 0.0417447246666242 0.484016896158389 0.189974546830399 0.10430456687086
"ufb101" 0.640515365621104 0.034678949969598 0.520571145759553 0.155191021998445 0.082087581867194
"ufb102" 0.66159018847046 0.0622882150656572 0.177328651537582 0.169833156059554 0.0906813116976797
"ufb103" 0.805416248746239 0.0372545280223444 0.666546750950284 0.223492052541754 0.104875266499542
"ufb104" 0.859970707025875 0.0405646032170203 0.791572447175223 0.257274902073281 0.126664326775436
"ufb105" 0.63179823915668 0.0516934744486481 0.253504095455881 0.162556582389634 0.0943769161238504
"ufb106" 0.645375046692149 0.0566182937695415 0.217185416729358 0.165142834970683 0.0979280948828699
"ufb107" 0.730005821528567 0.0562636777714902 0.343337228359166 0.188521415390687 0.118229724515984
"ufb108" 0.59889971335535 0.0705680267649891 0.0510405760068616 0.141528664350542 0.0653088553444017
"ufb109" 0.730052104617899 0.0341598575020575 0.656212897984842 0.162389048713941 0.0991145723800872
"ufb110" 0.765517604613805 0.0432523728667384 0.610558691954958 0.174126984013055 0.121007251569111
"ufb111" 0.709547738693467 0.0236500543515942 0.770760527362672 0.14770793205002 0.0695640694527281
"ufb112" 0.608960417572858 0.0661550088304525 0.0509208501924523 0.159105687787264 0.0715153616518355
"ufb113" 0.56784614060223 0.0633163722906682 0.0404429928714637 0.136969494080621 0.0599310470350499
"ufb114" 0.551713822234394 0.0614306873095113 0.040547959987647 0.129442713131803 0.0587711669949397
"ufb115" 0.640798760091767 0.0645683953343987 0.132703595270702 0.144404150887044 0.0913957835575704
"ufb116" 0.657374091500856 0.0569326186110813 0.232353947151446 0.161092512373264 0.0922981247046966
"ufb117" 0.681662308714476 0.0400013604678808 0.458078007208253 0.177608235720191 0.0991335251807796
"ufb118" 0.595293434049971 0.0773945621798042 0.0102343697025485 0.14393930091759 0.0653666892119528
"ufb119" 0.694155844155844 0.0542618159722676 0.375036233145823 0.17998959664541 0.114014426829293
"ufb120" 0.574593390256391 0.0612581175761498 0.0401524321219099 0.14003876546007 0.0564259726769866
"ufb121" 0.606001451099132 0.0643888798395497 0.0833477737164058 0.143707929833105 0.0732809659550538
"ufb122" 0.606118875832015 0.0760956479530265 0 0.150371689240177 0.0590109095069383
"ufb123" 0.594847796166571 0.0735534024428033 0 0.141629547698582 0.0494525147548842
"ufb124" 0.61191624710217 0.0709572969072657 0.0405447665019995 0.146859956410255 0.0595272539977702
"ufb125" 0.706691147322081 0.05793595138732 0.323507645781313 0.173583664945163 0.110664388804677
"ufb126" 0.650016496205873 0.0321279935508835 0.593170708815525 0.192067407707254 0.0882589838992737
