"quartet" "cluster" "phylo" "mutual" "shared"
"mb49" 0.821167091943096 0.0495901845359567 0.624799779860992 0.244745273967856 0.150523129440353
"mb50" 0.909771352404388 0.0371041308723377 0.864465090475701 0.247681176998569 0.122332627056996
"mb51" 0.854979397442072 0.0378991356968438 0.736675472963243 0.245446945092448 0.120432492774876
"mb52" 0.64544325475321 0.0766788595458731 0.0521917985318326 0.177717422566433 0.0956961084939307
"mb53" 0.828188624720872 0.029578484345386 0.833341893902212 0.198349200983887 0.0949075510983064
"mb54" 0.664414174453169 0.0693389780869468 0.136099108536222 0.183202196551568 0.112393617064135
"mb55" 0.757460667116095 0.0577768760076716 0.436984408205531 0.228825985235664 0.153754526136021
"mb56" 0.734583569356101 0.0681256089293381 0.2723370533224 0.208857664245511 0.142723961476974
"mb57" 0.883405336721728 0.0391259987547127 0.791536117991271 0.256158809243947 0.124871644179894
"mb58" 0.755196393581189 0.0739146763640577 0.334139928618453 0.227225466277476 0.16098374670244
"mb59" 0.78094760591627 0.0367602912320152 0.731195336493396 0.243883679352207 0.1179733466658
"mb60" 0.734264485601198 0.0530405372834397 0.448709604001841 0.211286523815066 0.135783294186814
"mb61" 0.715273901602743 0.0551630935693176 0.345704794800895 0.217216099838043 0.143872258351133
"mb62" 0.850219027294171 0.0361851557346829 0.802115970502182 0.237293145705317 0.116166628406306
"mb63" 0.843564356435644 0.0377406319329557 0.755336446844974 0.245081990078811 0.121208881708433
"mb64" 0.663286136305408 0.0900438826965532 0.0416789496070236 0.182229834414856 0.067272897114945
"mb65" 0.70361973562865 0.0565546022411817 0.353999183125158 0.193290604548285 0.123135454759978
"mb66" 0.877274668944895 0.0396394811852823 0.822864768217841 0.264284304035149 0.130448827403467
"mb67" 0.760230469543025 0.0567701244005273 0.436917920653178 0.219630048735596 0.148851936716067
"mb68" 0.869455006337136 0.0388832925859706 0.799937717763311 0.256436629241735 0.124679636787174
"mb69" 0.641393732667 0.0898114478459096 0 0.170399280753817 0.0514088711088576
"mb70" 0.993427458617332 0.0395117446024271 0.9895742377289 0.271819189987881 0.136984434736624
"mb71" 0.775781946472943 0.0456331771763093 0.568186947739647 0.219818893399392 0.128357597892815
"mb72" 0.72377828335504 0.072596262974835 0.23936831937146 0.193847403781268 0.120568481782048
"mb73" 0.762478049133733 0.0463419333022463 0.586706343813018 0.229439550523394 0.135866481795309
"mb74" 0.834673617658477 0.0321867010065228 0.833239167075671 0.216333945544755 0.106389034218645
"mb75" 0.633706846574906 0.0763779466419283 0.0518336781337753 0.169872367104243 0.0880015030808004
"mb76" 0.739763511422027 0.0613756947798464 0.352261618322036 0.213153457105882 0.147894161210113
"mb77" 0.81309318377912 0.0363265560109931 0.733938207741607 0.235048634371264 0.11102966475011
"mb78" 0.727728249066443 0.0695084461961978 0.281140318536437 0.196031788966979 0.134876830181819
"mb79" 0.735804421622409 0.0761763414881457 0.229529370489737 0.213581641034407 0.130943422964083
"mb80" 0.679970599850805 0.0754783202905256 0.0937436756243704 0.184383509995918 0.0946665827140435
"mb81" 0.719776459854015 0.0370343424958257 0.593857542146535 0.234559836820775 0.109412391008597
"mb82" 0.803154900439617 0.0355857885215815 0.718658508920112 0.227427217752895 0.108437358163917
"mb83" 0.65094587009928 0.0696427807242943 0.0731748147048049 0.174205384142203 0.105104381617021
"mb84" 0.788452805708725 0.0268913707219267 0.799989619627218 0.179233243278488 0.0862804523150092
"mb85" 0.701247471698912 0.0747776398952306 0.147505388473998 0.194608857764092 0.10499459703471
"mb86" 0.807401284415337 0.0335111143930826 0.694794753658676 0.210902929718976 0.098859661377732
"mb87" 0.659715015527374 0.0876655560731807 0.05215131510551 0.179750236824136 0.0745486033356749
"mb88" 0.714600019299431 0.0560794386557535 0.35456850263364 0.191850283800517 0.129984002686536
"mb89" 0.633243005201188 0.0664386833221535 0.0837096208941798 0.165784278025388 0.0752074136244814
"mb90" 0.610973532945274 0.0837000412199486 0 0.157087776198172 0.0495140039493678
"mb91" 0.714546791020116 0.0533798660088271 0.393235065585224 0.184035280822903 0.121531288765398
"mb92" 0.88190800681431 0.0295329370429597 0.842077946387417 0.197383991095455 0.0941957638309652
"mb93" 0.731025377162495 0.050619730045754 0.410230221270438 0.201893074343689 0.11984271313089
"mb94" 0.697124088760715 0.07466902654634 0.168446824858443 0.195173148314644 0.109210393836703
"mb95" 0.720972617354196 0.0574350354547111 0.364308029906044 0.193798452549054 0.135737726788093
"mb96" 0.686521003026142 0.0677374773671124 0.158608924240283 0.190035861144645 0.112750411138855
"mb97" 0.615934863026678 0.0848291664599147 0 0.157370748187276 0.0515131488053928
"mb98" 0.609610336692483 0.0729740595960619 0.0104527569428236 0.15872207680395 0.0801956680347272
"mb99" 0.638353555253459 0.0633675015792446 0.0941325375397428 0.170304493781991 0.102774950999999
"mb100" 0.625466576975424 0.085303428450248 0 0.161994474617532 0.0457138121600611
"mb101" 0.627906135279174 0.0736205128792777 0.042151849607457 0.166734523159032 0.0700164735655552
"mb102" 0.613359490305433 0.0834786760726664 0 0.157401772656501 0.0462121271165166
"mb103" 0.675478304364137 0.0327932892761041 0.589499555640632 0.157780488362819 0.0946071571076723
"mb104" 0.622620532183064 0.0857510703789649 0 0.160390996411173 0.0480047604546168
"mb105" 0.714830742683042 0.0622585253023618 0.315397242435625 0.190502320900535 0.128453256119233
"mb106" 0.719242639085829 0.0485868310860702 0.440356548414193 0.192464496951591 0.118358234163951
"mb107" 0.652367248332483 0.0566498524963997 0.156998998112398 0.169830319086958 0.1095520704502
"mb108" 0.640482847592237 0.0614125136562612 0.135842712423825 0.176450667038551 0.111429453125347
"mb109" 0.806157805040461 0.0495410936569385 0.623743422525804 0.203404724325947 0.141687702131864
"mb110" 0.628311735666784 0.0868704770563917 0 0.162891194007451 0.0512884627573847
"mb111" 0.60319629062587 0.0711672752274673 0.0312467427877425 0.154027131951573 0.061839284574677
"mb112" 0.589775495962249 0.0710899754891429 0.0414388637861927 0.150384028103266 0.0657547370364566
"mb113" 0.637300365022505 0.0655241625859578 0.084488828975009 0.169586568799127 0.106210374048351
"55" 0.621297985113364 0.0688133152725393 0.0626569679892123 0.16651761549918 0.0941881438155805
