"quartet" "cluster" "phylo" "mutual" "shared"
"mb49" 0.742468802747864 0.0560536848824828 0.437045039091575 0.187037652681873 0.113148907094728
"mb50" 0.817064505597911 0.0626744052092641 0.528708747370624 0.241587261538548 0.162377641807448
"mb51" 0.957006753497347 0.034016700096279 0.916619276904838 0.218940904926002 0.107546952995593
"mb52" 0.774805698578146 0.0735053572884916 0.312722183927401 0.213298105348327 0.141166397539054
"mb53" 0.695899920413246 0.0984778102511106 0.0303428199539057 0.182432437476768 0.0874124161909607
"mb54" 0.784071869885377 0.08165620886395 0.331577775162734 0.213023030674888 0.14820985972931
"mb55" 0.785190826175507 0.0754344001606229 0.331324223438968 0.207943009509997 0.14328215606174
"mb56" 0.771817719935905 0.0592218185010372 0.457905159604533 0.216490360573637 0.146825128037333
"mb57" 0.674627085661946 0.0792412576445482 0.0517162631587839 0.163839673068551 0.0947455433234247
"mb58" 0.882197843589623 0.0408246112617804 0.819116132443305 0.261044251494998 0.127848024322913
"mb59" 0.901829540383757 0.0406421104714262 0.81243307542008 0.256837767096336 0.124449333089413
"mb60" 0.91158469139444 0.0310893740681781 0.882908118067432 0.203288766031344 0.099228686825198
"mb61" 0.653519378517773 0.0766442027530631 0.0104956541178107 0.15114324666112 0.0705856219759222
"mb62" 0.857694363603967 0.0364206539699346 0.765881264111834 0.225143106514458 0.108302184798057
"mb63" 0.841751181865934 0.0453405459774035 0.644014211846915 0.209781517416059 0.131074420549645
"mb64" 0.828220237733633 0.047526227460731 0.625956208854237 0.219630146147958 0.131946400685687
"mb65" 0.757360061496072 0.0579837807916682 0.427716214659157 0.216019409204787 0.144830832711735
"mb66" 0.806314390162845 0.0319471093003306 0.789441328517505 0.201921540254557 0.0947088045228635
"mb67" 0.987078527062999 0.0367089575340019 0.968764340981411 0.238526116240771 0.120241130302274
"mb68" 0.785983290766633 0.0463898207210469 0.559163050433631 0.213477028522537 0.127889445991417
"mb69" 0.727033819200115 0.0766551510775054 0.146151568562287 0.19536428370316 0.1046003412073
"mb70" 0.856217473148046 0.0382899770227679 0.770664476917788 0.236373496178464 0.116268531344767
"mb71" 0.758759400687926 0.0360095482518503 0.677342414081496 0.222503336277404 0.104758932128431
"mb72" 0.844697378357967 0.0383953026134239 0.782655732120031 0.242331362947602 0.118338974273999
"mb73" 0.768924523698627 0.0531022344494012 0.49983449574142 0.200596161176794 0.125709484221637
"mb74" 0.795102628736046 0.0303916993391865 0.757774281641244 0.187667333849909 0.0877781524849664
"mb75" 0.64731825091657 0.0898014228871409 0 0.153240208801391 0.0733194045913829
"mb76" 0.748550273117174 0.0698513316124669 0.343348338762085 0.205241785144285 0.137450195931655
"mb77" 0.73380810076386 0.0710374438351093 0.280780405201305 0.195537845138912 0.117189064866125
"mb78" 0.858414431521481 0.03432762673527 0.820857116434225 0.219767169083873 0.10691540374936
"mb79" 0.688707459817246 0.0717923021529713 0.176746186081625 0.175170126668176 0.103177349844893
"mb80" 0.665776681123046 0.0781011617331117 0.041686723520537 0.159613844960206 0.0812445212828675
"mb81" 0.644765964423313 0.0702763550918465 0.1034206013961 0.154811592360517 0.08481015043808
"mb82" 0.831011579380474 0.0341048354326071 0.757785962729011 0.213256551797964 0.102662689275561
"mb83" 0.842837680031141 0.0398937219066565 0.74990921014187 0.243918858831022 0.117144328090789
"mb84" 0.677437588318417 0.0733263799683017 0.103151545331964 0.163592454140874 0.0992070800269647
"mb85" 0.922689540675152 0.0386736575330914 0.840459009663575 0.244485061820581 0.119278027787381
"mb86" 0.78214366938497 0.0681763071072982 0.321275664114533 0.215292522543895 0.136617100461912
"mb87" 0.707930485686604 0.0710032985375234 0.241675207045444 0.183796846658103 0.110312466525916
"mb88" 0.754079909960608 0.0298785716256565 0.701955792413786 0.18489992156294 0.0842954293266651
"mb89" 0.685052496348579 0.0520611559531287 0.299593642785757 0.166009950093569 0.104252604014684
"mb90" 0.608377869484446 0.0709829160920876 0 0.133588344531846 0.0596277815982268
"mb91" 0.780923157007925 0.0599535854969218 0.41401222497373 0.194877116072217 0.132323421033722
"mb92" 0.743858337347492 0.0736056403328661 0.228830217572401 0.202933691560508 0.116816404907059
"mb93" 0.760169990527636 0.0816563836536477 0.24839685259434 0.2019744811658 0.115368738800283
"mb94" 0.69057936039371 0.0942606492471655 0.0302951418048634 0.178738701982368 0.0826987213479994
"mb95" 0.73586666953893 0.0731717653303753 0.188238385935538 0.196466210136625 0.105126532875629
"mb96" 0.721743295019157 0.030264794085092 0.687386512677337 0.187186756068967 0.0841662492967301
"mb97" 0.684663186192387 0.0730317777519157 0.104148001928032 0.174983506385319 0.0743171249403855
"mb98" 0.623881104267993 0.0702496987471613 0.0622889044496171 0.144218137282456 0.0698841278266787
"mb99" 0.857199293548987 0.0546133633286854 0.634061715377527 0.209841574480942 0.148816831356407
"mb100" 0.757912397470242 0.0575053552030792 0.425670748027835 0.190939278207174 0.129073121226914
"mb101" 0.706409809419518 0.0635951444548032 0.228928791033063 0.177783490938431 0.1092474521916
"mb102" 0.638732808044666 0.0865156084898957 0 0.150267869422234 0.0655430909496768
"mb103" 0.671454428460152 0.0649030711425591 0.144616479250452 0.162888907460568 0.0987648741668346
"mb104" 0.708151927298593 0.0477409567904052 0.370810905577531 0.177302203676007 0.107091743319505
"mb105" 0.692292233124483 0.0480326309510656 0.367904896171822 0.172537133164504 0.101890685779362
"ufb1" 0.729452735636281 0.0606044064540391 0.3080233646962 0.191971478627882 0.119369727788407
"ufb2" 0.643477381416786 0.040794097322828 0.46690181465786 0.147975549456236 0.0897354526426691
"ufb3" 0.635544068497024 0.0836489240344667 0 0.147898531625468 0.0584712949347419
"ufb4" 0.739178800580044 0.0455510143291233 0.512733845027777 0.206969811352728 0.1218078275675
"ufb5" 0.633492938370421 0.0847155053987266 0 0.147593671049777 0.0653419056000691
"ufb6" 0.894319056927907 0.0340130171679394 0.810371215212827 0.214487183915391 0.102540401327875
"ufb7" 0.716839022057505 0.0316912910449336 0.676907288248344 0.192627252416708 0.0904882765338852
"ufb8" 0.654849107748983 0.0756352291568782 0.041686723520537 0.151817362861101 0.07282410917391
"ufb9" 0.666444397482955 0.0742593194129448 0.0627965074896382 0.158869159841802 0.0902912526520706
"ufb10" 0.717558184520779 0.0451327906802751 0.449302309360629 0.19753502938393 0.115958552697326
"ufb11" 0.737077417836693 0.0251073393044907 0.791573881975773 0.157598984392959 0.0740540815979498
"ufb12" 0.633967560823456 0.0241258356273252 0.71567151491597 0.147403365760194 0.0681563408706515
"ufb13" 0.635819214823156 0.0341963653046179 0.524031892956239 0.153525362874345 0.0870357551180102
"ufb14" 0.776751005175823 0.0504829890000598 0.450884620397062 0.191021749316426 0.12171306555143
"ufb15" 0.715190687286386 0.0592087610341272 0.283640986008473 0.188962770180284 0.1169270192923
"ufb16" 0.681056870602373 0.0612772786025228 0.197412088027023 0.174490729806525 0.100159285426347
"ufb17" 0.682417161921389 0.0696826462192795 0.145379252487256 0.171169308368866 0.103038846488358
"ufb18" 0.81666937331962 0.0502594558154849 0.607352231106527 0.235491857288247 0.139828393635914
"ufb19" 0.763625910310464 0.0476177368159405 0.51004449717702 0.214037681950987 0.1272037217865
"ufb20" 0.720423594427392 0.0576302466655665 0.343306912589601 0.184352628083375 0.102912626775992
"ufb21" 0.643354784929584 0.0698904157091434 0.114299657414191 0.15416508268568 0.0843061647708934
"ufb22" 0.624669627717634 0.0683287921016326 0.103782113226329 0.145001682165832 0.0745849485587939
"ufb23" 0.712982415748122 0.0344076023489719 0.642477376935983 0.159931471852838 0.0864574501841244
"ufb24" 0.700272288713589 0.0699447634896163 0.199484990086665 0.17988783152587 0.103474682589025
"ufb25" 0.814305233992485 0.0508020237804545 0.548199457471956 0.229857965504519 0.138494789300951
"ufb26" 0.620561192136969 0.0237216840507691 0.694594762475504 0.142003377925617 0.06512719929482
"ufb27" 0.778317770618322 0.048439350885571 0.551768207545819 0.219763336987053 0.132285383298591
"ufb28" 0.674755488069767 0.0752831876189159 0.0832333660321699 0.162632193225471 0.0982364054594555
"ufb29" 0.636033755629092 0.0555544518973818 0.239118780086522 0.147725763608813 0.0917222551225016
"ufb30" 0.671258663472234 0.0242070010931272 0.736697529200779 0.150100745110864 0.0657215582939557
"ufb31" 0.712156275524095 0.0374563340292692 0.589350156452922 0.171180587824721 0.0945037872929003
"ufb32" 0.67003808610992 0.0566045239834173 0.280813644869372 0.164416297711498 0.0938981405244121
"ufb33" 0.851628550057798 0.042774970244276 0.68399189089959 0.198303312487958 0.12382551693507
"ufb34" 0.6947983014862 0.0664304184694195 0.188906969760607 0.172645353197021 0.104538742430417
"ufb35" 0.655896962503846 0.0539387849218999 0.207036534970043 0.151791213394069 0.0923475837679967
"ufb36" 0.645582198049316 0.0334256004250037 0.550005102129406 0.153278951697626 0.0848057640882874
"ufb37" 0.615819209039548 0.0373725853780419 0.440398530494782 0.140731465500672 0.0849964557806069
"ufb38" 0.568289191123837 0.0254676225643552 0.624709676930738 0.149640949479754 0.0685461312965599
"ufb39" 0.726473940023598 0.0794709210679654 0.154561121160884 0.185573237843038 0.103309444256766
"ufb40" 0.698528402482282 0.0669329789216347 0.210065269057616 0.181001535679474 0.103091830133183
"ufb41" 0.763194847956614 0.0644992276993168 0.346104326842296 0.194018744847368 0.129790637089045
"ufb42" 0.749425678304908 0.074144959908169 0.248183603348147 0.192033378745422 0.108958400321945
"ufb43" 0.677142044825648 0.0915175970020049 0.0302951418048634 0.172246310278594 0.0855654922637578
"ufb44" 0.702176596361772 0.0582770234675169 0.265148142521458 0.184317072039095 0.109377529519243
"ufb45" 0.735423940971078 0.0325604253807094 0.641367764899216 0.197651040269708 0.0906014244644266
"ufb46" 0.756086811639381 0.0527879674720128 0.479034881001972 0.196402321154044 0.127403452140831
"ufb47" 0.677109365615561 0.0935548031076782 0.0199148089737294 0.169690382619047 0.0734776107671219
"ufb48" 0.791499823068184 0.0492138248701842 0.553545369322896 0.227830234367472 0.135251532207082
"ufb49" 0.750985744616318 0.0464119159062525 0.463746003596318 0.208382481701888 0.117288537735564
"ufb50" 0.787458123272077 0.0658916509127515 0.40741914296135 0.22066957724935 0.139811523598556
"ufb51" 0.706584425147823 0.0697518752942974 0.146293561397287 0.185930625771735 0.101374777013769
"ufb52" 0.645599815874778 0.0679447735213467 0.136040931092386 0.155516401456299 0.0876009895400422
"ufb53" 0.676144841211335 0.0668852459396913 0.187253153547192 0.169524987285376 0.102355840211388
"ufb54" 0.662253324748225 0.0915575970044706 0.0197781518738445 0.163332904896461 0.0700076430219175
"ufb55" 0.581675246024944 0.0721742895242784 0 0.129392095494701 0.0582489055239541
"ufb56" 0.67671689287402 0.06905767005661 0.126441955015538 0.1612364784915 0.0996111280740467
"ufb57" 0.831179939674965 0.0396736755820041 0.749895121197182 0.190444541050815 0.117188460482348
"ufb58" 0.580928541172866 0.0702541478201331 0.0103325485299826 0.127611501281031 0.0620782505868485
"ufb59" 0.711852434175297 0.0486546224494235 0.366289575586909 0.176057953806754 0.111203403671562
"ufb60" 0.633386750327869 0.0849064474086263 0.0198914529310605 0.150795054828119 0.0641012367108305
"ufb61" 0.789814419911858 0.051418156822074 0.482595286937377 0.196614632736805 0.123853723957825
"ufb62" 0.805171047015062 0.0364868926322467 0.655759915434159 0.221894615109052 0.100719961932552
"ufb63" 0.652711985292996 0.0879778044246575 0.0199503349881357 0.160931303652202 0.0710610043553304
"ufb64" 0.567403872716685 0.0698813524352551 0 0.1251294039978 0.0550008518413248
"ufb65" 0.589030499587919 0.0558016406873069 0.16641358034404 0.129785941740658 0.0869273368191647
"ufb66" 0.674261253797294 0.0462592827233238 0.362970627886757 0.168723264598005 0.101600091439581
"ufb67" 0.600885283696914 0.0689118532254734 0.0210764204252253 0.132767083055202 0.0604776231483798
"ufb68" 0.612415557297214 0.0694464220400511 0.0622552532072937 0.139002463397735 0.0662032697662425
"ufb69" 0.672043650007266 0.0423733956011442 0.417063543834068 0.156414333832433 0.0999023705920586
"ufb70" 0.623869230536502 0.0648943936317212 0.113813947727162 0.146849800068164 0.085396263994235
"ufb71" 0.681795542490535 0.0901334348055798 0.0507207710973036 0.173731121916722 0.083293905133699
"ufb72" 0.661016492711583 0.0603155666585285 0.14435988016362 0.153857671640605 0.0982425240821579
"ufb73" 0.659157678786611 0.0667939143462515 0.0828920988324526 0.152303769798316 0.093226669692636
"ufb74" 0.647593415107347 0.0659292184519252 0.0732069352234718 0.147446075472789 0.0748995305037125
"ufb75" 0.645152685947073 0.0485846917598273 0.292923077184669 0.155022231237377 0.101210495283269
"ufb76" 0.674244674244674 0.0316110855061863 0.610310714068958 0.144335281584626 0.0853092743517279
"ufb77" 0.746128714643752 0.0471931526176012 0.487938453994326 0.179904069574911 0.109235823261291
"ufb78" 0.651509643467444 0.0681330489750076 0.0830562886220764 0.157519077791278 0.0852614586422725
"ufb79" 0.775385184798546 0.0667865616269359 0.36227078274656 0.198730878181511 0.13808607042904
"ufb80" 0.760982918789332 0.0368554658142525 0.612756420072462 0.220357527195193 0.0997614121685699
"ufb81" 0.59626111448611 0.0418856622933795 0.313419653341031 0.127599594020015 0.0787105970451404
"ufb82" 0.571765830981808 0.0688375964593993 0 0.125284321465327 0.0603337907995517
"ufb83" 0.721852692158707 0.0513235992289787 0.394988180451829 0.190540844360636 0.118236217280779
"ufb84" 0.622625822502644 0.0822518402309852 0 0.142443619701661 0.0629833969162939
"ufb85" 0.62902461379014 0.0822313299733981 0 0.145397933224253 0.0585617554496819
"ufb86" 0.614543412648277 0.0374570833182231 0.456743212685703 0.137064190639008 0.0870344894159791
"ufb87" 0.763562245217937 0.0265117865824797 0.770767235772499 0.163830314325928 0.077333180103823
"ufb88" 0.64967206394753 0.0353716199333167 0.497445116414877 0.155751435995094 0.0903915061845391
"ufb89" 0.707497924400462 0.0635581592620957 0.230389995314542 0.185605303713744 0.103850091491672
"ufb90" 0.638794023020147 0.067258137406001 0.124166628830091 0.15380448884941 0.0872637526291789
"ufb91" 0.675072654262182 0.0672597672513366 0.127673939932418 0.158427170581918 0.102540582614009
"ufb92" 0.671351503650361 0.0733042131269127 0.0748833705678277 0.159893399690414 0.0957829463235379
"ufb93" 0.590701340646143 0.0704703835630952 0.0415431704351149 0.132365707996843 0.0670647380714373
"ufb94" 0.614677361272669 0.0811335008614996 0 0.143859965890328 0.0651559564510961
"ufb95" 0.617214467957377 0.0374358689535602 0.491717187587664 0.13871114926937 0.0878729676685129
"ufb96" 0.66612442394574 0.063322435052179 0.158820021835438 0.166313413051998 0.0929364297396627
"ufb97" 0.632427937915743 0.032251778824487 0.59138845377617 0.195289261822684 0.0889260714162417
"ufb98" 0.568173899929079 0.0721055633929806 0 0.129610262419844 0.0576855105920516
