"quartet" "cluster" "phylo" "mutual" "shared"
"mb49" 0.887597462346845 0.0397418177436444 0.83143849542986 0.255214890324071 0.125702457779012
"mb50" 0.599985252475084 0.0814955170589153 0.0312048981155605 0.155475102034795 0.0687823822211818
"mb51" 0.857873097010779 0.0369470626553752 0.789337057811148 0.231838186176009 0.113079412646639
"mb52" 0.624230326385559 0.0825309099570569 0.041717563143742 0.159122447690026 0.0679028219407576
"mb53" 0.783382025981662 0.0593954222923055 0.511606715564773 0.231109411830998 0.160374559003576
"mb54" 0.674545061828392 0.0683214264919306 0.186833543100332 0.173791775426287 0.0981788615860665
"mb55" 0.861069662921348 0.0508838575535291 0.66650841170795 0.242191753659831 0.15170716091806
"mb56" 0.983454192625881 0.0390024447174507 0.958284094887955 0.256104061097462 0.128382721535266
"mb57" 0.947546531302876 0.0398107565275693 0.906241971992601 0.259636622313116 0.129470756684121
"mb58" 0.831303086803398 0.047386091498866 0.627753627247499 0.224704599564683 0.13555604434257
"mb59" 0.840745973438825 0.0322855709149281 0.822810161768511 0.205991581309587 0.0998541483170175
"mb60" 0.761077632045374 0.033249740601359 0.729103513008464 0.20924189400235 0.101862800336172
"mb61" 0.79305557189754 0.0536056223615378 0.490684198097882 0.207744202649296 0.125493733074029
"mb62" 0.761032113065652 0.0726914549435709 0.259546334423829 0.216500866692333 0.129181714271498
"mb63" 0.688460063724309 0.0670305431705734 0.221397171515445 0.179436826600734 0.109365922891459
"mb64" 0.859521182171472 0.0380250396046943 0.770665280378455 0.239245480175131 0.116684878122453
"mb65" 0.668719094434532 0.0833345990891269 0.0936573473274803 0.177500666223724 0.0979415747766054
"mb66" 0.79393035396707 0.0348571629603933 0.731321928765799 0.226415730073354 0.109426482578674
"mb67" 0.886294566748203 0.0289223345821648 0.884234026056483 0.189118931242251 0.0920694600545704
"mb68" 0.718183964203396 0.0785132050007284 0.166953122758035 0.197943742006762 0.11585860294747
"mb69" 0.786944093598351 0.0295097099132252 0.797859502452951 0.191661548652032 0.0919720668049831
"mb70" 0.6757555759439 0.0767273127690445 0.144643762153578 0.168164482867801 0.0995271892547761
"mb71" 0.806588835846292 0.0385376840267593 0.729000754513761 0.237182397403864 0.116594802008639
"mb72" 0.726513215545758 0.0674832284488688 0.319708845513767 0.201084935146405 0.1429056312292
"mb73" 0.750857081637026 0.0472595405847584 0.531804003577528 0.218007430931341 0.130077313499595
"mb74" 0.752635542168675 0.0564246863731324 0.41723141479096 0.191144992674462 0.117502345250642
"mb75" 0.910631589319145 0.0405681428984997 0.843770872819237 0.260674036498 0.128768877954157
"mb76" 0.913096340898564 0.0367392383416753 0.817063457355933 0.23811546880432 0.116204919613896
"mb77" 0.745758243612321 0.0537856113359028 0.462422261405086 0.206412969985459 0.13941231483746
"mb78" 0.749863408944412 0.0638625483364366 0.319126901659892 0.213606492808708 0.129758406014207
"mb79" 0.780069651556972 0.0596068864556783 0.468735530000214 0.231404919871672 0.15205327963211
"mb80" 0.786864005581303 0.0361307278611782 0.71857177823575 0.222308664234009 0.108774562905588
"mb81" 0.710909038588818 0.0743554432043339 0.196409473087217 0.185457073336678 0.119219897531322
"mb82" 0.738927591569418 0.0610459698046568 0.427758370440439 0.209944192909468 0.144096377477852
"mb83" 0.685431111450952 0.0774401894341119 0.124995722495765 0.18077772241403 0.105827824540086
"mb84" 0.714200088144557 0.0703253363713667 0.241365232060642 0.19214146263817 0.125280413280541
"mb85" 0.729124289967066 0.075328659441121 0.179197762278715 0.203712064772497 0.118199224396113
"mb86" 0.848403361344538 0.0310056490650529 0.821003992580769 0.200330348930088 0.0980372730663831
"mb87" 0.896782027929569 0.0327916356518383 0.885538157178633 0.216415460043869 0.105214210826149
"mb88" 0.699478751900384 0.0752182475420762 0.165108408609634 0.177053136345572 0.111527995105056
"mb89" 0.647740315584067 0.080081122833395 0.0743738682103789 0.167677300403839 0.0838747042773234
"mb90" 0.654473398099113 0.074277930380673 0.0636405588568097 0.159014943479066 0.0862457389106675
"mb91" 0.679038546962144 0.0350421296651779 0.531363804557191 0.162225676091713 0.0912044191473069
"mb92" 0.68597399105387 0.0754488723425568 0.125193159882284 0.18130831482662 0.0898464376564264
"mb93" 0.628726537470802 0.0645443316317527 0.11392274789288 0.154344897578947 0.0698715547999685
"mb94" 0.82633684505645 0.0534657371037749 0.624760211432123 0.212204798356927 0.143066948233006
"mb95" 0.634459582671217 0.0511122836828035 0.261215643009962 0.159445253684544 0.0949730308249652
"mb96" 0.623047003678695 0.0750598073164666 0.0524811431303326 0.152460963569302 0.0902509249244862
"mb97" 0.627484949187472 0.0816799309734365 0.0417283946579653 0.161204197219838 0.06474234490405
"mb98" 0.739032067676569 0.05308280638454 0.473578671357409 0.207463993695892 0.136328082863723
"mb99" 0.753488938996892 0.0306969667532782 0.736697281279817 0.193920838924054 0.091322522395436
"mb100" 0.629259507520729 0.0743335793387494 0.0535820800323171 0.152002549872142 0.0861702887867501
"mb101" 0.574353258587512 0.0752279436725226 0.0104726855668021 0.140928124726777 0.0561682448807301
"mb102" 0.68504747296274 0.0553268746138553 0.366036426907771 0.183939543202194 0.123982122833103
"mb103" 0.774336414413524 0.0545562234764388 0.515679009354088 0.214828850821311 0.139631095152477
"mb104" 0.755935552932781 0.0342352989512258 0.662451588722321 0.161872862027925 0.0979558587749786
"mb105" 0.686097796753534 0.0492646070521748 0.39796099747667 0.186545601995692 0.116273749914185
"mb106" 0.659427655677656 0.058268292133205 0.240099379175437 0.166288969470587 0.102536919677398
"mb107" 0.617900084371838 0.0767799571025746 0.0828463200026395 0.158439333627513 0.0760097327784941
"mb108" 0.632977783016088 0.0731930340654493 0.104686872656749 0.153655520023642 0.0870207463552352
"mb109" 0.806665818058384 0.0420666635254125 0.656077526822337 0.198695274979768 0.121412621870814
"mb110" 0.655793798754987 0.0575385322421074 0.240020648864163 0.16292965831678 0.100474601280473
"mb111" 0.810274721872485 0.0415931116921857 0.676761259765008 0.19560910750354 0.117333406204663
