"quartet" "cluster" "phylo" "mutual" "shared"
"mb49" 0.683669979064076 0.0669798166853965 0.166659509803732 0.16421283600407 0.0991239105749916
"mb50" 0.732752799363025 0.0531054040357116 0.42719494246212 0.197158039067063 0.126895639314421
"mb51" 0.568550898043786 0.0706855701254797 0.0104832963587925 0.130707323768742 0.0625197049427343
"mb52" 0.772374223995056 0.0612654026174948 0.427674311261166 0.202319013187374 0.132159141477791
"mb53" 0.809173455837491 0.0521169675272928 0.571147234325683 0.239281364170837 0.141390665050429
"mb54" 0.717226372388067 0.0611662419813975 0.298777791237807 0.176163055934787 0.119149486451394
"mb55" 0.797337520034017 0.0562450682701921 0.501144838567017 0.209428683589293 0.134082257863034
"mb56" 0.695261051712379 0.0662976920594342 0.218961433855712 0.176765784503716 0.113622800044741
"mb57" 0.857741559953434 0.0344346173511003 0.795725481550476 0.211401124108404 0.103081608954383
"mb58" 0.655095999386621 0.070100925697309 0.103272635731333 0.15457762514769 0.0804542893079316
"mb59" 0.619688367906587 0.06822449601393 0.041791989314498 0.144985470722727 0.077391956091721
"mb60" 0.882828846422095 0.0308724907194144 0.873630498277437 0.199140932148089 0.0946306687498723
"mb61" 0.862792061785121 0.0429443628154285 0.757956212732881 0.265018567859593 0.129834743098219
"mb62" 0.833097372974674 0.0393843310359503 0.736669627345999 0.240898762609302 0.114705652741868
"mb63" 0.850771507080955 0.0336741310279849 0.768352189351047 0.204999823157837 0.0959075100355327
"mb64" 0.976331360946746 0.0361228346688365 0.968709819293125 0.234769856185646 0.118044943437576
"mb65" 0.749742725337118 0.0757082037140536 0.271827481785369 0.223858673469406 0.138364535219881
"mb66" 0.780564107657166 0.040910929173116 0.645171127593026 0.250665358144314 0.117993856358247
"mb67" 0.890633344013671 0.038436896635951 0.822843129757059 0.240757195226235 0.115610212308737
"mb68" 0.802642676412707 0.0310691777296593 0.768391811488056 0.193692413231338 0.0903896805787302
"mb69" 0.872699773128309 0.0311535605929556 0.864614755287121 0.199699778663448 0.0988466182673026
"mb70" 0.84908312567887 0.0303883031236276 0.854133310463934 0.191771254272297 0.0932256276714003
"mb71" 0.722859000934845 0.0424736673420965 0.514966511747051 0.192127305611834 0.115776274054552
"mb72" 0.71607269294312 0.0343344024396832 0.602270451745049 0.205208235683043 0.0932609624037447
"mb73" 0.699251320229939 0.0752453188427812 0.125102855549824 0.186125620203061 0.0974813732954039
"mb74" 0.805476356985314 0.0352865207539277 0.755299053663854 0.222452716794795 0.105054925471611
"mb75" 0.764709761290201 0.0628160864992822 0.426250424595866 0.235768628637915 0.156120477758134
"mb76" 0.71483045076944 0.0305584380059417 0.680622924542737 0.183391781739043 0.0850293782703983
"mb77" 0.745307774973134 0.0682564130619991 0.328465130704552 0.222984667808437 0.140962668824158
"mb78" 0.677952290168383 0.0743028171441682 0.106304561317488 0.17254929712518 0.0846057255193503
"mb79" 0.593043428618549 0.0644294854455786 0.0209456070747164 0.134475174089361 0.057298339196237
"mb80" 0.529073286907524 0.064897272844413 0 0.118888977264919 0.0513885824845472
"mb81" 0.634598130841121 0.0657598992510317 0.115035306903739 0.159689999832555 0.0947158998311215
"mb82" 0.809308612584986 0.0475634391100927 0.591687363230808 0.217681865340068 0.129113555058669
"mb83" 0.671824611389165 0.0667687066994012 0.134301437004198 0.158219674848098 0.0815580399558055
"mb84" 0.702402803270482 0.0629695971467842 0.237644298595493 0.170271298910287 0.100025453403476
"mb85" 0.838024484670922 0.0379213901193772 0.810601517869854 0.240337218635146 0.118731768605224
"mb86" 0.7273891106258 0.0289436614031301 0.712734988332184 0.176142562853642 0.082951257744832
"mb87" 0.700740586210493 0.0326134169713888 0.677285915677328 0.20291289606934 0.0936668963251215
"mb88" 0.718454803778512 0.0276686901042441 0.72902514015496 0.167036928130735 0.0742337927921778
"mb89" 0.665115824602017 0.0502415691350706 0.310936058698665 0.166839078004017 0.104378163999941
"mb90" 0.545332949733247 0.0616259463105147 0.0104723536619017 0.121214241524588 0.0536532202657907
"mb91" 0.704506012360838 0.0567840392086225 0.323623355326385 0.179812987945475 0.11164708656458
"mb92" 0.773727229491334 0.0509867916538006 0.550916826724623 0.194555249872147 0.131534463111238
"mb93" 0.700407544308596 0.0565926923239431 0.292328217340476 0.178330188183897 0.111676430032717
"mb94" 0.676410543003456 0.0458881207273187 0.348918480879603 0.166201250251556 0.104651431284417
"mb95" 0.739480080194438 0.0503465051693822 0.43295408153357 0.189441222842937 0.123273191575066
"mb96" 0.553020300435134 0.0614833537182226 0.0104736370463564 0.12334212017766 0.0522436082602991
"mb97" 0.748060138654321 0.0461540827940647 0.572871214962621 0.177964749350867 0.119139309386305
"mb98" 0.568520798522557 0.0612357236914238 0.0209419720608636 0.124889834149747 0.0545555757844623
"mb99" 0.617221589902369 0.0668349362743557 0.0731451332534621 0.139061037377553 0.0662270628081257
"mb100" 0.646642470015066 0.0554695116716882 0.19834376189713 0.158983994120481 0.0924491528244065
"mb101" 0.800589270368703 0.0453925405775094 0.604054968403749 0.209663536922842 0.121809596138766
"mb102" 0.52084566811804 0.0624366157573593 0 0.114489046226755 0.0473308190315828
"mb103" 0.719016473664413 0.0737723971518153 0.180879420380749 0.198991583315969 0.106882426293209
"mb104" 0.634651180896165 0.0602069979139783 0.188083153769874 0.162441633940074 0.10302830707787
"mb105" 0.679439183957174 0.0640536713649241 0.175063101780363 0.161825787181271 0.0847751565824061
"mb106" 0.795355293981548 0.0354062663769538 0.492500157646816 0.165947703952539 0.0935128305928579
"mb107" 0.758286132899744 0.0507340351848052 0.509074847386629 0.231572652666949 0.137771380504414
"mb108" 0.714420571687498 0.0445555815797767 0.479164719262697 0.197252651116027 0.116166295306759
"mb109" 0.772452993389213 0.0461866038935654 0.543938535610326 0.20937286380379 0.120131079615398
"mb110" 0.679067747096269 0.0637453554783334 0.165622177345708 0.160541996923043 0.0900092139676571
"mb111" 0.711010113711894 0.0737119563461631 0.159668388447162 0.195998018651033 0.107213873808403
"mb112" 0.512729700178831 0.0600942892796291 0 0.112483614715278 0.0499567809856297
"mb113" 0.678423157926635 0.0601509607394709 0.174651455598128 0.159514459454717 0.0819886190363714
"mb114" 0.732702874443988 0.0497604775747464 0.449637502279602 0.223416637509332 0.133001282182176
"ufb1" 0.608318668226087 0.066656295575152 0.0627579645871424 0.135907341592064 0.0645085185755029
"ufb2" 0.633553949537213 0.0540417141989095 0.196722609816861 0.151569271343832 0.0904420638553879
"ufb3" 0.607526494988731 0.0620034248310272 0.0940087849841635 0.143816507244 0.0903329882827491
"ufb4" 0.606625746173775 0.0682257003844449 0.0627360841265035 0.135465831886852 0.0686793347367261
"ufb5" 0.786627279441004 0.0370559746306874 0.652665602458933 0.21993454001951 0.0991892495148338
"ufb6" 0.655349457189087 0.0652169270434905 0.127558632469282 0.152273344432994 0.0792331585195324
"ufb7" 0.560390682597808 0.0663080353188254 0.0103030247880358 0.118932201051264 0.0537550706180924
"ufb8" 0.623535756748696 0.0562596782981622 0.197954538330574 0.142985996025446 0.081088030112846
"ufb9" 0.555589771266211 0.0648141523134685 0.0103135046156844 0.117644523711186 0.0513113468615446
"ufb10" 0.539897744384008 0.06481464188619 0.0104732902896072 0.124076670404508 0.0522425682168941
"ufb11" 0.652204380163799 0.0633508418148701 0.144908912514584 0.150660965596431 0.0824813617567376
"ufb12" 0.749242072487914 0.035547389980865 0.664978832738228 0.166183426250217 0.0904437291759351
"ufb13" 0.699218678790575 0.070668208055062 0.170055605942009 0.190713427201746 0.0880267443875405
"ufb14" 0.779390482676428 0.0429601439229448 0.580814514890523 0.196996662292715 0.118180584614077
"ufb15" 0.710487281099869 0.0401978284755747 0.481297999953623 0.179329679508932 0.110079292428509
"ufb16" 0.663224363612445 0.0314805323363012 0.595592849904671 0.185377186828204 0.0830029056286102
"ufb17" 0.667827906548933 0.045374884326386 0.331680995520764 0.169814177626998 0.0984381805790415
"ufb18" 0.509995757869916 0.0594495946252684 0.0102712682040199 0.109878346807123 0.0461732046005454
"ufb19" 0.51220270129019 0.0602181119948443 0 0.112721357481149 0.0463695103564961
"ufb20" 0.711257097857173 0.0522598348854792 0.352442676818197 0.192034818361078 0.113832314990093
"ufb21" 0.647874120320038 0.0657525788005828 0.124140261119874 0.148824401273107 0.0787753685056107
"ufb22" 0.75301580634601 0.0688175248285246 0.341136601949103 0.224530855370153 0.136209384918891
"ufb23" 0.628173248713368 0.065882487171564 0.0930014976681772 0.141949861869145 0.0647639091860869
"ufb24" 0.642011677530573 0.0592560128249921 0.155269458993761 0.146570956604996 0.0848372359822348
"ufb25" 0.631681646168401 0.0603436206459349 0.124004483069678 0.142753974162348 0.0742518665994139
"ufb26" 0.716970069242796 0.0372543889868113 0.560383978489963 0.162551955582738 0.0906560608631387
"ufb27" 0.713869019699812 0.0434790056807671 0.498400855532406 0.158626408684079 0.106843385422921
"ufb28" 0.607056406344676 0.0572570870865152 0.0929054545590299 0.13458514835309 0.0757846001152931
"ufb29" 0.663643194504079 0.0368035000410425 0.502069131086328 0.16065067145617 0.0848557000821467
"ufb30" 0.732783903443219 0.0553784559748102 0.374529708807448 0.178660218379953 0.120099332761539
"ufb31" 0.601599713143644 0.0522116507491136 0.134895035117837 0.136778844454862 0.0808434069875526
"ufb32" 0.567968768354857 0.0682483578108043 0 0.121721163195367 0.0538459378752788
"ufb33" 0.663479923518164 0.0270055529952377 0.708216404271272 0.16047419087121 0.0736398215127883
"ufb34" 0.687457473349966 0.0363561566164835 0.586919889826096 0.218769452936823 0.102830970974454
"ufb35" 0.754454403599811 0.0495609940174157 0.550918520327372 0.225676341333943 0.141923753922002
"ufb36" 0.599431605153047 0.0453188987390278 0.219919794853272 0.141559482793386 0.0878156240179126
"ufb37" 0.682303289026875 0.0450452222822487 0.415939509873992 0.166342106438147 0.104340498454876
"ufb38" 0.772339741772056 0.0496109270601411 0.54624692827935 0.223309862914757 0.139830788476239
"ufb39" 0.560000349550536 0.0610672542181053 0.0208278992794974 0.125831397239926 0.0489761002098007
"ufb40" 0.723620695694819 0.0548742297228053 0.35495343870508 0.175920800854029 0.115799028108686
"ufb41" 0.563705207704549 0.0689163414478534 0.0204850874852593 0.133369292849961 0.0747830427187469
"ufb42" 0.612039623925896 0.0648461563789917 0.0831636893488605 0.135538483860264 0.0641853261027723
"ufb43" 0.627468480786491 0.0662415316206137 0.0935011067845177 0.140623078581572 0.0642078865937456
"ufb44" 0.547681208331476 0.0656950054545683 0.0104812489912984 0.121719319569189 0.0508836228055906
"ufb45" 0.53218899966872 0.0622277884356984 0.0104796819295129 0.11600535945694 0.0416326594419462
"ufb46" 0.521505356223979 0.0615589387327723 0.0104755627519361 0.118093559247358 0.0503046673877902
"ufb47" 0.545902920959552 0.0627177795330779 0.0104711068033173 0.124480651942464 0.0453656785065177
"ufb48" 0.551039339323541 0.0625340047282203 0.0207878322816444 0.125352930502424 0.0396623460133887
"ufb49" 0.56720284374765 0.0654973979280483 0.0207971476748509 0.132116428990161 0.0468145468383165
"ufb50" 0.762111292962357 0.045816045085531 0.583241326379268 0.21067745145686 0.129083916352708
"ufb51" 0.741226030582378 0.0360114841050179 0.656096949562861 0.164323449768945 0.0981867331106718
"ufb52" 0.759371100017828 0.0517247937892574 0.480285852535129 0.197124552609032 0.123521233758661
"ufb53" 0.588332728262843 0.0365367864664688 0.366573948669259 0.15749509051498 0.0828766159965936
"ufb54" 0.633272215310065 0.0631238437531293 0.103153796595222 0.143817936702139 0.0727668327464657
"ufb55" 0.565633086323371 0.0686374383683551 0.0206850954571779 0.131708817674195 0.0649400302472605
"ufb56" 0.66033736937467 0.0533676360294442 0.252709847848215 0.170839449437972 0.0965316349852959
"ufb57" 0.695279252402053 0.0400220110672567 0.45979101395496 0.178953800371263 0.101224004053999
"ufb58" 0.651600375275457 0.0664095275201369 0.113647028857548 0.151823116669852 0.0826986813409615
"ufb59" 0.754525760858039 0.0418350129866963 0.623675834960831 0.1605530637147 0.106864380897361
"ufb60" 0.658145203767899 0.0608899715911198 0.134119319858106 0.151853290081272 0.074661990632492
"ufb61" 0.657862884032151 0.0524280942411218 0.212610489578506 0.161936651991216 0.0900548260248747
"ufb62" 0.608661667190975 0.0668367342494692 0.07310895936681 0.134996770404231 0.0669502561422944
"ufb63" 0.589701748150063 0.0479839037342626 0.128154093550363 0.133375734427074 0.0765718411210728
"ufb64" 0.60769925560134 0.0638394413073303 0.0426392634022468 0.139300767907297 0.0766773124259813
"ufb65" 0.613791597099078 0.0554830980072933 0.146661438196235 0.151051749972036 0.0910210647119478
"ufb66" 0.696127877653949 0.0460283769904765 0.406723528099167 0.203383484935662 0.113579145735879
"ufb67" 0.711959650228886 0.0368500584664066 0.549845958974451 0.163373337036447 0.0925221073993646
"ufb68" 0.678491813769932 0.0560032632389741 0.323164476336544 0.16497688142079 0.0907740511322236
"ufb69" 0.62680096829158 0.0617459405805457 0.117314545136199 0.153713812101827 0.0908917389520257
"ufb70" 0.692045424038229 0.0489489368406723 0.4276677926368 0.15832945054972 0.106114193343688
"ufb71" 0.733207292956951 0.039578139966739 0.560914501128533 0.180404177163983 0.108034134143196
"ufb72" 0.534554785298418 0.0649587961527305 0 0.11679586945279 0.0488968502632889
"ufb73" 0.593565525383707 0.0351625535157559 0.415749830880014 0.151634440533616 0.0889092589248239
"ufb74" 0.623603023215298 0.0573472791175072 0.147680729326591 0.153685909620738 0.0923559556958896
"ufb75" 0.535273277645645 0.0622232087492698 0.020772851829495 0.120710773802961 0.0463784075880793
"ufb76" 0.539628479160939 0.0623491673427418 0.0207826709334066 0.121948530221463 0.046763068102067
"ufb77" 0.818749472618344 0.0270564049694378 0.822894514344621 0.170464588951698 0.0773826874426669
"ufb78" 0.605225414974174 0.0568930302306914 0.197839001113561 0.136735163912553 0.0858871146431992
"ufb79" 0.63239451966806 0.0614216568096037 0.158335983586702 0.156278850929227 0.0968884304581692
"ufb80" 0.710822474634009 0.0513481735453459 0.334339290040005 0.188534738203539 0.104055738596361
"ufb81" 0.539216442790352 0.0635443664090162 0.0104730308713409 0.122583993393346 0.0519006574360069
"ufb82" 0.544917215982024 0.0596575535977382 0.0208169714147849 0.12066660615109 0.0469080041149547
"ufb83" 0.713937870635824 0.0458474860051153 0.455483623916949 0.205089105789343 0.112386105705706
"ufb84" 0.675306987676559 0.0389338825104921 0.420568796708279 0.170123690402386 0.097042134136005
"ufb85" 0.606041875368559 0.0490367808504474 0.198928594678489 0.152290669649595 0.0872409898893621
"ufb86" 0.561532015648522 0.0570749858435838 0.0209341395733071 0.131518517860364 0.0621232347709722
"ufb87" 0.588341357239039 0.0683483744428964 0.0209456070747164 0.147096484046133 0.0712290062879621
"ufb88" 0.594586884877584 0.0728455263218825 0.0104736370463564 0.146135003179099 0.0728286040134022
"ufb89" 0.576285281898262 0.0696793155846989 0 0.138706709887982 0.0626134389700496
"ufb90" 0.545560428109328 0.0663566678314353 0 0.129764226466393 0.0646403097775448
"ufb91" 0.72217316577051 0.0491935084272341 0.479019366774481 0.164036286833957 0.10951310752613
"ufb92" 0.666727165479377 0.0494168176467172 0.393379614282119 0.149197192054508 0.0961302742293135
"ufb93" 0.575018897513426 0.0674806132949182 0.0209785790278233 0.129110259932576 0.0636429631630783
"ufb94" 0.523229913308172 0.0632477411795341 0 0.113772903192091 0.0586100021199623
"ufb95" 0.538068459298974 0.0655798930103612 0 0.125305710705236 0.0648750028070696
"ufb96" 0.760515021459227 0.0230656844287459 0.833221805405122 0.144505991238675 0.0661875216955359
"ufb97" 0.673900650665409 0.0407748924910326 0.458479867722637 0.180509097309656 0.105164613115392
"ufb98" 0.672201234026931 0.0450773987323781 0.363757240901847 0.16779198363564 0.103787130262791
"ufb99" 0.571528789595812 0.0382203303826737 0.361745352522822 0.141484165395222 0.0848916038978935
"ufb100" 0.592153704555913 0.0346767310794899 0.418386536664088 0.15107729960788 0.0843402054012144
"ufb101" 0.573413357294943 0.0709220019868053 0 0.12871120035379 0.0449715121798452
"ufb102" 0.595109510951095 0.0247141621142192 0.670182862554072 0.152810834676252 0.0665619797516678
"ufb103" 0.554533953535921 0.0676457659226371 0.0104812489912984 0.125361430051506 0.050542213619989
"ufb104" 0.611491484347703 0.0459215780967334 0.215313640830205 0.142389944149445 0.08376665213967
"ufb105" 0.673249165245554 0.0424186636078841 0.459351432967264 0.152742701081294 0.0930674906614784
"ufb106" 0.583188003073996 0.061868518561558 0.0313022941439194 0.129012409745044 0.0452382418090331
"ufb107" 0.71000532809578 0.0513567862788083 0.344735613191904 0.187864690165122 0.103997521603065
"ufb108" 0.557691209706197 0.0680301335348105 0.0209717922699472 0.126372603654691 0.0616969490820136
"ufb109" 0.589734357386394 0.0582230579807096 0.156103606877131 0.131913331888589 0.0885977948167303
"ufb110" 0.565343807846855 0.067853843193989 0.0315682916644481 0.132893657313185 0.0670056780668161
"ufb111" 0.657678352244962 0.0570331718148041 0.176476354756933 0.151588519646302 0.0809313853374934
"ufb112" 0.660833436686097 0.0605663752312648 0.155667171078797 0.151883391779877 0.076758319745453
"ufb113" 0.66560749226524 0.0271262944643976 0.673606056168251 0.159435921070005 0.0690493543742473
"ufb114" 0.605121446911 0.0415480228528118 0.314148496208568 0.151148497201682 0.0906677514232407
"ufb115" 0.657734323133563 0.0310549351901683 0.638300105148461 0.191077192570082 0.0886672400407925
"ufb116" 0.683626675047858 0.0512453361665484 0.297741501323882 0.162636264039611 0.10535620283988
"ufb117" 0.658939037010458 0.0543048196650529 0.29798929316023 0.158978187322111 0.089866882454706
"ufb118" 0.559136339736728 0.0655883921919874 0.0103312093158072 0.120325328536385 0.0540361296434522
"ufb119" 0.555614442434455 0.0637828051881742 0.0104711436927972 0.127672444072401 0.0455481737172415
"ufb120" 0.592076741595909 0.0536664745286933 0.176029211286224 0.138296091397724 0.0816630326011406
"ufb121" 0.624514400535834 0.0663234563255876 0.0422218724973185 0.150805659148261 0.0816784768666354
"ufb122" 0.676595933587854 0.0394527381270685 0.430012940300298 0.175462438783012 0.101269175108828
"ufb123" 0.685412007764522 0.0481039891305312 0.399905475733033 0.175910663674077 0.106098163565713
"ufb124" 0.687671473409275 0.0365626649208404 0.536774547173421 0.169382327498164 0.100974558991828
"ufb125" 0.642064447118599 0.0300421725930464 0.580791787666934 0.178637273236691 0.0802004790879772
"ufb126" 0.707715133531157 0.0361862772638187 0.652157173063825 0.219737818977864 0.105331379550308
"ufb127" 0.67225188731357 0.0359861683153861 0.548840729156022 0.163725081515229 0.0917096360173254
"ufb128" 0.645126835781041 0.041472848157379 0.392702045574324 0.153051091081101 0.0944861197929175
"ufb129" 0.731758789457142 0.0370078513805125 0.635350015475203 0.170711192709597 0.102496169920524
"ufb130" 0.604736916749397 0.0356810975698544 0.387720279212939 0.151453647695567 0.0820739619566228
"ufb131" 0.601868779199675 0.0446274896677615 0.268491390148587 0.138819010766544 0.086455158002938
"ufb132" 0.819475503151047 0.0303314630158243 0.802085778460932 0.188083318578912 0.0882366317586076
"ufb133" 0.622623434045689 0.0428255230676583 0.362641524808844 0.155446175312542 0.0932089684029466
"ufb134" 0.734013517026254 0.0324212694181467 0.67741383347132 0.200122624255715 0.0939660044583146
