"quartet" "cluster" "phylo" "mutual" "shared"
"mb49" 0.825148208030181 0.0588915704227325 0.501210375335402 0.229833011349657 0.147981477256582
"mb50" 0.776560201407623 0.0772961318524567 0.290263577092286 0.223301239354731 0.142774231915203
"mb51" 0.720980457105002 0.0909329863665077 0.0624558729106232 0.192810456990705 0.115010729057
"mb52" 0.892067740298094 0.0438941109405073 0.778850135857805 0.284144180939884 0.140802359855949
"mb53" 0.645937446424139 0.0931156280849679 0.0206442886978854 0.168872279222902 0.07993350139127
"mb54" 0.901476545145695 0.0297594017771222 0.895752964552959 0.198950207313449 0.0975902997907991
"mb55" 0.977884482201394 0.0415736792558522 0.958352544018547 0.280077242035484 0.141485939774425
"mb56" 0.845745951368652 0.0405167989076748 0.736963155874529 0.264532021897899 0.129068907035481
"mb57" 0.738674577614321 0.0528858179163657 0.417308020158168 0.208529336797895 0.136557538658637
"mb58" 0.897520118246017 0.0372511177096619 0.82102619908979 0.244889511535352 0.117505251515435
"mb59" 0.785667546484527 0.0628036846238143 0.448695965887064 0.214789407645327 0.146121183020045
"mb60" 0.808003219484882 0.0659179344194925 0.486580970026746 0.262042396324033 0.169107470576171
"mb61" 0.905205348615091 0.0327013359923897 0.916705088037095 0.221472413687229 0.109890863800114
"mb62" 0.718824658941211 0.0411212310599465 0.539999046101098 0.193656062873772 0.119407796238841
"mb63" 0.811434209546504 0.0490455910906811 0.656180945199363 0.242454293253786 0.150633244156533
"mb64" 0.861465694096193 0.0534470550442609 0.652459485624911 0.260804609033233 0.152901646132656
"mb65" 0.779821853432173 0.0799848107606916 0.320202530585195 0.244700878158153 0.157171171216483
"mb66" 0.657182785844396 0.0771404925269481 0.124289444260312 0.186300234685068 0.115414322117218
"mb67" 0.728916138132618 0.0833728420986691 0.227978592563776 0.216420047219587 0.125265594651656
"mb68" 0.909846665435064 0.046015369766969 0.822831397937394 0.298744194168367 0.146952730722238
"mb69" 0.800700741962078 0.0361636025600758 0.723320234720694 0.235576061769569 0.113877544747464
"mb70" 0.744968440012324 0.0834748889081085 0.196788791962898 0.210770746873911 0.118615710846584
"mb71" 0.891438019945228 0.0374959843096766 0.843629446829439 0.248406225273308 0.122316133489332
"mb72" 0.795535595095066 0.0629687577962179 0.425346111843932 0.23756280785067 0.146586590610621
"mb73" 0.877508506353725 0.0321819894305669 0.82278003974003 0.211887609046653 0.0995859333587042
"mb74" 0.742599793406102 0.062173661893771 0.405966181561124 0.215691398932961 0.145834584432162
"mb75" 0.691295061104681 0.0677670905888782 0.153872964357162 0.171437369820822 0.115496303527139
"mb76" 0.813147880855531 0.0339761068177046 0.731185075480797 0.219437473526166 0.105160544717373
"mb77" 0.637318820497187 0.0775842222466582 0.0414770526706932 0.172145724835205 0.0971870135278115
"mb78" 0.629508998907571 0.0773206288431083 0.0414508509268752 0.166683594946632 0.0905848050686145
"mb79" 0.689874664208793 0.0647284832078804 0.200338957845035 0.174969981029181 0.114787081147011
"mb80" 0.79031941994905 0.0295641588663134 0.781132583758578 0.190767116932613 0.0917155070800051
"mb81" 0.639864598499861 0.086810858557945 0.0205408517646138 0.164233174413246 0.0843805187300018
"mb82" 0.620453812023844 0.076229864991037 0.0104492801756216 0.15960588184062 0.0801551707761511
"mb83" 0.708478947056278 0.0829701006171058 0.196747362571289 0.204602295600941 0.110881747661066
"mb84" 0.790378410090936 0.0335036245172502 0.736806286693108 0.215265167572162 0.102418283998496
"mb85" 0.773024612660962 0.0709784961023624 0.350866418014818 0.241627958176249 0.155065156203578
"mb86" 0.795671819262782 0.0509525215767472 0.604037962307468 0.202864244775798 0.138743298250634
"mb87" 0.69392967061751 0.0284973413342827 0.697837671795673 0.179664621958378 0.0829372717931875
"mb88" 0.770928368881766 0.0556168017206013 0.520621858636931 0.224955688517123 0.145174110771688
"mb89" 0.662119374646743 0.0841361856068604 0.0312113145118317 0.169824461878206 0.0916235375557598
"mb90" 0.818140735958683 0.0303488814890931 0.781132583758578 0.195484963112923 0.0927055637033746
"mb91" 0.807007896531245 0.0427995969540899 0.61293656426269 0.201862143443084 0.115313460495079
"mb92" 0.788388055476932 0.0526865319096292 0.49769377993765 0.240393987511192 0.142334750123441
"mb93" 0.756299670478775 0.0374388906227679 0.6979403881904 0.240503333353667 0.117923428209192
"mb94" 0.798903469055106 0.0529147472078582 0.567901761255017 0.254384681619596 0.156139970918462
"mb95" 0.893251709790043 0.0404790683171634 0.784916403558475 0.267400472940896 0.131145768922045
"mb96" 0.753930656813908 0.0788515443618506 0.217525575974224 0.21290720663829 0.118500522967218
"mb97" 0.731045813245711 0.0843042544606327 0.144788472982349 0.198233091033945 0.105996892697602
"mb98" 0.648604169206388 0.0776420821943089 0.0720838832951153 0.178807732293823 0.101319260126369
"mb99" 0.716795625219546 0.0860175088289628 0.0833686533521529 0.190533178427773 0.103141474705049
"mb100" 0.611583405166152 0.0770284797680831 0.0104481111871089 0.151500151204459 0.0689766135133223
"mb101" 0.625484530089169 0.0861461622369116 0.0102196757846199 0.155100342866625 0.0606520086157332
"mb102" 0.739387895032101 0.0538582690339146 0.458125894569658 0.216373137729387 0.135369012685765
"mb103" 0.676377355120993 0.0519655386322325 0.352293247549945 0.174151438493035 0.113606574849402
"mb104" 0.749045397398145 0.078354850585515 0.20708356900738 0.208183001361349 0.115939817332724
"mb105" 0.792141494353633 0.0332578341401691 0.73958901150299 0.214730139710091 0.103460362037139
"ufb1" 0.653079033610243 0.0607405345483759 0.176714979739183 0.166582146586719 0.0892474443255962
"ufb2" 0.808312128922816 0.0525751003261944 0.566956334751523 0.253983863385761 0.152142509242889
"ufb3" 0.789595382322883 0.0720097760261028 0.392905577093525 0.245676391380687 0.151316399708183
"ufb4" 0.630062297276425 0.0835099338731215 0.0521512615775299 0.164952481270652 0.0900530826060416
"ufb5" 0.734942097431584 0.0302283916486894 0.708262375340377 0.191005538101871 0.0916321332290163
"ufb6" 0.733870513326196 0.0339978309579394 0.697889029993036 0.219279258337457 0.105095652253507
"ufb7" 0.679331339920264 0.0673782672243966 0.122792704040437 0.161681216808726 0.103652658755922
"ufb8" 0.684432246122423 0.0308088740322002 0.666790344833256 0.196142532103257 0.0917024202117796
"ufb9" 0.740676225750853 0.0436823459376411 0.537146015446844 0.210554499607897 0.127013374780785
"ufb10" 0.777046095954845 0.0502416091880777 0.503040685609186 0.238795047619881 0.141570598252741
"ufb11" 0.63276079675777 0.0895749062360067 0.020659047407142 0.161535893832789 0.0707807560633502
"ufb12" 0.655603777689763 0.0713922336858699 0.166046160442765 0.181576015152866 0.110627360830439
"ufb13" 0.746234712365997 0.0802189981016801 0.23696554643786 0.220905449758964 0.121145448010701
"ufb14" 0.811734832683413 0.0403271335058792 0.718736640638455 0.19951551747264 0.12062635477599
"ufb15" 0.740025900283907 0.0793934652587676 0.238232823173752 0.220102864854715 0.127516325895155
"ufb16" 0.702267453881321 0.0797579286855766 0.0832973542927057 0.184969055553116 0.111669101507896
"ufb17" 0.709924298018617 0.0841730337972733 0.0729218707766266 0.185111331427801 0.103962431701864
"ufb18" 0.663830948188199 0.0335222561592173 0.562347402040725 0.156891223563299 0.0929638286380782
"ufb19" 0.801002776612533 0.0605922661639411 0.425147229203659 0.2271198823685 0.148084430479106
"ufb20" 0.717427494961886 0.0228657188718107 0.781132583758578 0.147285285900468 0.068290577308072
"ufb21" 0.619153964590135 0.0846056308788249 0 0.151371060389466 0.0578179346341533
"ufb22" 0.721131562824645 0.0328613518965843 0.645636360902329 0.159122989133683 0.0922237184523438
"ufb23" 0.620671574191381 0.0749214927667768 0.0310004847893372 0.160592503713869 0.0820436590022416
"ufb24" 0.644802790393192 0.0823357392635067 0.0312037634814767 0.162016859289993 0.0897163665125694
"ufb25" 0.76849000615867 0.0344528103032441 0.729163140627148 0.222590938708293 0.107639541060931
"ufb26" 0.615272727272727 0.0253109881875646 0.666512202964196 0.15856928254805 0.0710497247711746
"ufb27" 0.625839915362375 0.0717976464759485 0.0720838832951153 0.166116547787015 0.0766122687894337
"ufb28" 0.743848354792561 0.0266474954723046 0.789528063815407 0.177145880776448 0.0844041310491691
"ufb29" 0.694611698993056 0.033672293165789 0.593506614703086 0.159015540656438 0.0898365425939482
"ufb30" 0.710154108279907 0.0598197936013679 0.302414588630817 0.180365002663189 0.105729776019154
"ufb31" 0.722728766223098 0.0434522252130184 0.479462191434875 0.206500142364809 0.122765183370628
"ufb32" 0.801479890201695 0.0403963951944118 0.666488259382026 0.194165265385687 0.119574934531527
"ufb33" 0.74871774983275 0.0564425117032672 0.405990829775573 0.207535054711133 0.132957955328316
"ufb34" 0.628020127400123 0.0838366669920587 0.0427000383091589 0.164389843880962 0.0912111107944571
"ufb35" 0.632964530060533 0.0755350326759974 0.06169129561613 0.169118199798747 0.0889835893046853
"ufb36" 0.70910683971305 0.0772384235571475 0.125047137368019 0.191268176383681 0.111916567953089
"ufb37" 0.724512563861954 0.0417456472881333 0.512943205624684 0.195962880074433 0.117378606093246
"ufb38" 0.637448956058119 0.0366500512306134 0.48934081976048 0.14161701351436 0.0907079815062168
"ufb39" 0.667946142678149 0.0533288560287675 0.270396860721555 0.182702855922281 0.110813899417873
"ufb40" 0.79592506674837 0.0483151932457419 0.505087075827443 0.223277091329209 0.121825209677367
"ufb41" 0.611523539233679 0.0512646630787002 0.177766027489278 0.153103666000234 0.0894773322080386
"ufb42" 0.78979942097325 0.0478969406041787 0.54592919892619 0.230217763341906 0.13293289616443
"ufb43" 0.656758219456095 0.0510353646676303 0.259907639285617 0.173236761941626 0.1027223517945
"ufb44" 0.736117438623133 0.0365784854756045 0.608626504603715 0.232435860223294 0.110887646796895
"ufb45" 0.686699438366241 0.0459057618561006 0.466986229663855 0.179982680735542 0.119060526347617
"ufb46" 0.748284207484468 0.0462510078876002 0.497739248027352 0.220324148816413 0.125257513539399
"ufb47" 0.606726582974047 0.0759211787747512 0.0204429947588163 0.153441844445048 0.0792572918888694
"ufb48" 0.615221440586686 0.0785469650774017 0.0204803155035863 0.153162425082025 0.0787555371311416
"ufb49" 0.773356987661212 0.0441058233476257 0.603991881471527 0.212364371450418 0.128321908077191
"ufb50" 0.777234570708506 0.0446235623873123 0.583258618049015 0.212936308381499 0.118575073630137
"ufb51" 0.744111518894965 0.0509994786243715 0.489406933446109 0.196170779169704 0.127242424992909
"ufb52" 0.631062219381599 0.0881223086764988 0.0206282504907603 0.159355289477761 0.0771474412270379
"ufb53" 0.759648331830478 0.0380493673103078 0.684650018340833 0.245420302414653 0.120602872277468
"ufb54" 0.626062036298959 0.0825104916861043 0.0205126015028978 0.160537916863855 0.081069865540272
"ufb55" 0.69814251504757 0.0302475845898027 0.666512202964196 0.186571854843672 0.0877862360299738
"ufb56" 0.693259668508287 0.0389452715258709 0.510217655841481 0.179568002273194 0.111278104901303
"ufb57" 0.666785200331153 0.054360990176813 0.253401471407852 0.159335752994187 0.0977927636851173
"ufb58" 0.687247417615176 0.0813668743453777 0.169213583247863 0.191641105533551 0.105865747922248
"ufb59" 0.609908161788475 0.0840287668924959 0.0102036124044687 0.152666263147547 0.076887994057354
"ufb60" 0.621777806635933 0.0297586569872998 0.583165932803927 0.179746554390508 0.082639814828382
"ufb61" 0.648219486986752 0.0491093495384324 0.278870114804822 0.156272990729371 0.101039905196004
"ufb62" 0.784569854066742 0.0571301799181713 0.453692723547289 0.224837218533406 0.144949663442425
"ufb63" 0.604410801125043 0.0774173095027745 0 0.142751357940594 0.0746713300845611
"ufb64" 0.679351995386512 0.0568189276344759 0.279479594242957 0.169390748932901 0.106745622548604
"ufb65" 0.655205323294716 0.0349181624474672 0.486891193667751 0.159502048550711 0.0875641473022645
"ufb66" 0.727214287927135 0.0534174423474736 0.385327382880476 0.176730772005743 0.116590516770231
"ufb67" 0.71843197244639 0.0668288276964646 0.279976470538914 0.195356326257995 0.122777795276562
"ufb68" 0.745417605621307 0.0580589072918879 0.385262586961931 0.226443709543076 0.141541677083141
"ufb69" 0.634966955626126 0.0432359831788207 0.298972034280923 0.161200198042964 0.092276577891645
"ufb70" 0.623908945492407 0.0805480499026314 0.0521683667569487 0.163898063793241 0.0789600480287616
"ufb71" 0.634776218471458 0.0565999444350817 0.207626362193496 0.170360311986606 0.111080440929189
"ufb72" 0.762239363200902 0.0583055460115354 0.387043082850345 0.23012656352606 0.136008670148673
"ufb73" 0.610947952357644 0.0295392488137003 0.562288084512132 0.138999767184088 0.0821668873628349
"ufb74" 0.625038659474973 0.0741271000298462 0.0929451023170315 0.152710870702339 0.0956624493940281
"ufb75" 0.761343972313017 0.053969676968948 0.478517224165962 0.18502989236526 0.122960760799996
"ufb76" 0.647929457279085 0.0837634582686725 0.082181999799646 0.168945335989902 0.100586302647737
"ufb77" 0.732065048658023 0.0513614423869444 0.478913806801663 0.204308375193124 0.134688217069921
"ufb78" 0.65366507075503 0.0416897216847247 0.369846379651822 0.156792435383184 0.0892915539088673
"ufb79" 0.832114837650562 0.0517999688658753 0.518399779110928 0.236313520007778 0.136408638609819
