"quartet" "cluster" "phylo" "mutual" "shared"
"mb49" 0.849342346591207 0.0390788602924445 0.749974327523747 0.254385469248382 0.126846268125669
"mb50" 0.89439811457578 0.0429218017849928 0.770818357722186 0.28301432108953 0.140865753961008
"mb51" 0.816933484033131 0.0535216518178093 0.520727087750661 0.25625329857819 0.160413310945379
"mb52" 0.68466975056283 0.0734601321268258 0.114525990624265 0.19144327881905 0.103816759291029
"mb53" 0.598849549782091 0.0771737730019103 0.0100571568392159 0.138497672254688 0.0651311251665472
"mb54" 0.780853219005442 0.0425316572923117 0.589865346622525 0.206584351217023 0.120752154470735
"mb55" 0.575574511789795 0.0645649131160765 0.0730807723372549 0.147161547747624 0.068596319399514
"mb56" 0.809753518799974 0.0316011792640953 0.778896031543912 0.21081427419572 0.10098184568867
"mb57" 0.805398345668263 0.034796809836553 0.733930994739882 0.230036622637045 0.111462520041533
"mb58" 0.774195473169179 0.0464474452774525 0.541513475361418 0.225193801143788 0.131299842525529
"mb59" 0.813535708148185 0.0729343837819323 0.39450793216532 0.257839180310037 0.170001789726778
"mb60" 0.686580662687994 0.0824486521840795 0.0207710919545497 0.184892683402904 0.0996917421483559
"mb61" 0.792943116819314 0.0781513798232757 0.290374559546643 0.242453481053257 0.156667229257077
"mb62" 0.707169650497719 0.0740218815701409 0.16666584918223 0.202709905337193 0.134683808428784
"mb63" 0.673337799740109 0.0625735715061558 0.271290417476409 0.194263444093143 0.126032272778656
"mb64" 0.84095598349381 0.0357212444579538 0.76836480052152 0.236880032966547 0.115974889179606
"mb65" 0.892150457345529 0.040972891618552 0.854091788610928 0.281518228623514 0.141448659214182
"mb66" 0.814728374217897 0.0397982357833113 0.666546861777486 0.261087307950425 0.123683348700666
"mb67" 0.789720599466392 0.0599257950026993 0.404420813032647 0.233065530194585 0.161105511472617
"mb68" 0.868860164512338 0.0350145622246599 0.800010376602826 0.237121814655152 0.115727287297002
"mb69" 0.982596232596233 0.0378994570079386 0.979155969801561 0.268267122968842 0.135244960549603
"mb70" 0.796011870672151 0.0350261654430732 0.72923298723032 0.231999307121614 0.113060210505834
"mb71" 0.885567010309278 0.035238430282053 0.843669773511709 0.242959275091431 0.1193661847384
"mb72" 0.892029897136091 0.0291275513821398 0.906253209059532 0.203928839447087 0.10035663301045
"mb73" 0.72076906005332 0.076500193730213 0.155276081392927 0.202138113323529 0.116122826536291
"mb74" 0.740302253259861 0.035586671034587 0.652625025303478 0.230790105298884 0.111428534195102
"mb75" 0.636621521159511 0.0658501922923155 0.177323586617901 0.177529059194264 0.102030594913607
"mb76" 0.686323703606212 0.0495189602616335 0.362566220386823 0.170356161712914 0.109743930895467
"mb77" 0.666762281050771 0.0802310024586883 0.0104390878504418 0.174643716065384 0.0744186834203631
"mb78" 0.823321451528078 0.0644097424092237 0.488105052744642 0.25812031490654 0.171814143128925
"mb79" 0.87562412342216 0.0365315847300637 0.778947914558044 0.241743973226459 0.118666020279666
"mb80" 0.69193727074683 0.0763088247667783 0.0615179403562617 0.183469432337642 0.109495037901219
"mb81" 0.732004885260654 0.0466538333910429 0.45217079016437 0.187198652868799 0.112294126755818
"mb82" 0.618045261157301 0.0665319151710147 0.14599467504576 0.167056798213493 0.0858072491542665
"mb83" 0.654705151241332 0.0641622498134016 0.208585744685402 0.184338457557608 0.109388219273385
"mb84" 0.66054343666284 0.0491479284080353 0.344791562539758 0.191178080628866 0.117687757231248
"mb85" 0.580644832292424 0.0782541795635509 0.0101764287203871 0.136254798925489 0.0595296944484319
"mb86" 0.648864391224848 0.0798441483003118 0 0.169563381592822 0.0713724519616404
"mb87" 0.751428639743682 0.0776560294099807 0.219868619473509 0.220674350035353 0.133228774662283
"mb88" 0.706952627857648 0.0571000897987149 0.28101931459986 0.189694131606711 0.128605646577329
"mb89" 0.573752044789531 0.0753067252046296 0.0102078394506019 0.13116980158759 0.0495636722014272
"mb90" 0.875448727953801 0.0397467906787416 0.778947914558044 0.266492755554455 0.130459434440188
"mb91" 0.798996186384956 0.0551961878257392 0.508943270576269 0.215815503152662 0.151956727999715
"mb92" 0.684062476689149 0.0737557406374297 0.113688168260102 0.182091959641538 0.0942163214843761
"mb93" 0.66662221407258 0.0719981373101033 0.104061362430951 0.180451011191408 0.0879138765432813
"mb94" 0.785798220580829 0.0327758407460159 0.718656937273583 0.217998703618202 0.105216290426066
"mb95" 0.838101988286642 0.0522182222683676 0.610555960842806 0.258156631944194 0.161686798936301
"mb96" 0.701416087301439 0.0603347416655097 0.2498190702744 0.202031858515462 0.128482511232775
"mb97" 0.71741644063584 0.050742126056385 0.364361650635203 0.195683855192731 0.122752142992266
"mb98" 0.701151413589924 0.0496399843542348 0.333157088703764 0.19157377877589 0.117425855058581
"mb99" 0.703553286319491 0.0601272798442727 0.229489372955893 0.198011858920817 0.121413465420949
"mb100" 0.739678776426967 0.0683175609477712 0.22773283248394 0.211003081410405 0.144547827582146
"mb101" 0.779268028869791 0.0487176648545387 0.494644122470373 0.230051565629235 0.138028257411844
"mb102" 0.590624723244719 0.0749486640290132 0.010024276116795 0.137545404230264 0.0656787443794873
"mb103" 0.70497001447577 0.0283590953773546 0.673583721319997 0.184138574328915 0.0856839531969024
"mb104" 0.550322219442757 0.0628044357534175 0.0521918190492813 0.135452013190465 0.0597137302204468
"mb105" 0.739939724730137 0.0620714754876793 0.237767629709428 0.209965016282186 0.136072353313913
"mb106" 0.612879948394684 0.0764808374408328 0 0.157678309540655 0.0687185829052139
"ufb1" 0.554576087514107 0.0622852606462493 0.0626345271026505 0.138210067824287 0.0546900667461577
"ufb2" 0.732020931001615 0.0443152625407819 0.447767181602674 0.210304130343699 0.117819529143511
"ufb3" 0.683056598980166 0.0667086520258554 0.0924239207316475 0.173929555120091 0.105148078697661
"ufb4" 0.702790930867361 0.0741641385787338 0.0926002687536352 0.186012905382866 0.116647410290086
"ufb5" 0.562839676738179 0.0717803749668359 0 0.126856750127137 0.0445458078257536
"ufb6" 0.574186685360744 0.0613288076735009 0.0730906657432596 0.144623867590889 0.0661704523103109
"ufb7" 0.662907935046816 0.0550058558607945 0.25037841156027 0.177390039156306 0.113392465583834
"ufb8" 0.624218089791684 0.0529599595821168 0.21810602640281 0.144926385227724 0.0913460213331535
"ufb9" 0.542245068400021 0.0626299675905069 0.052189381048707 0.131334955235905 0.0583400013921259
"ufb10" 0.532802634627885 0.0634702470745303 0 0.11844697900532 0.0430975503894293
"ufb11" 0.562485707752115 0.0682196664491765 0.0101118573189152 0.12121508520509 0.0423038010096559
"ufb12" 0.564272517816627 0.0693330933453119 0.0102590491543777 0.134840428983708 0.0548760138486001
"ufb13" 0.58296058263801 0.0732864691882115 0.0101908476015164 0.12963202090939 0.0459239138462944
"ufb14" 0.581002470918966 0.0778639072392993 0.0101584530778989 0.136341562895476 0.0579481884260211
"ufb15" 0.754447941422057 0.0623754495748743 0.300507258445623 0.215715716861102 0.134848733642614
"ufb16" 0.610056894082823 0.073775314905364 0 0.149544887526554 0.0582446789551224
"ufb17" 0.736873945298819 0.0527120522586192 0.438729226974823 0.20833332022801 0.142192984703912
"ufb18" 0.755963938973648 0.0282844424968776 0.760396342622966 0.186753466202963 0.0891404919762245
"ufb19" 0.516994173426254 0.0583481508368226 0.0104459275598575 0.113747743728585 0.0456007743755876
"ufb20" 0.563112704523884 0.0669850188965408 0.0102804949920804 0.132721785587516 0.0556355483709528
"ufb21" 0.671789875459319 0.0655397203336521 0.124999386886673 0.173983994910201 0.104885122485315
"ufb22" 0.686062646436614 0.0397647391017517 0.449884228182126 0.188237122932519 0.107757193029899
"ufb23" 0.718357637811563 0.0513242394156102 0.364361650635203 0.198115261096712 0.129319455836669
"ufb24" 0.658892513143252 0.0796804727708847 0.0103233452025795 0.171800751364312 0.07628200665134
"ufb25" 0.756775121912223 0.0472461362194708 0.441924239108824 0.220528264270619 0.133435909919938
"ufb26" 0.653977031050617 0.0411894891466213 0.400095873363968 0.190545465760684 0.108664894854868
"ufb27" 0.700785967340917 0.0665087748019987 0.187611048264169 0.196344927040378 0.128389832214476
"ufb28" 0.632131110752681 0.0610515164089988 0.177357017397702 0.175871478264468 0.0938691669689533
"ufb29" 0.692392013131563 0.0726880860192719 0.0937440317061197 0.18914679757468 0.118849384312529
"ufb30" 0.642833591193852 0.0343700401693801 0.481232713760001 0.158885794518034 0.0914392535127446
"ufb31" 0.668620396162179 0.0407476765361509 0.442104001666264 0.194706694217444 0.112178953334903
"ufb32" 0.766479581962454 0.0462221521579817 0.520727087750661 0.223249518585384 0.136138950010267
"ufb33" 0.811245019722888 0.0607730745244999 0.484167644315616 0.249928820297156 0.166265610882944
"ufb34" 0.67911592862904 0.0626845651225417 0.133927308351856 0.176809619471788 0.111359663568229
"ufb35" 0.690017272157789 0.0676392754955484 0.123737125755219 0.177620708436997 0.106645794906404
"ufb36" 0.834442999398257 0.0500873727843198 0.602283828509679 0.241953960880423 0.148936286311818
"ufb37" 0.626270277093985 0.0489259675169177 0.23731583325171 0.14783059469488 0.0849140675140904
"ufb38" 0.517454150141928 0.0594266994910318 0.010444632135736 0.113716647077153 0.0426414888457602
"ufb39" 0.557800771098313 0.0673227641333038 0 0.127897754330487 0.0404517152972629
"ufb40" 0.616990042570676 0.0729031008420059 0 0.150311781540117 0.0587956932937641
"ufb41" 0.562858692964359 0.0728263141258687 0.0101928142324525 0.12761219162981 0.0498582890322129
"ufb42" 0.580796534713031 0.0327011735182139 0.428766834800743 0.14986868179558 0.0869875856369986
"ufb43" 0.606843283997329 0.0544677307706976 0.144969648643695 0.13779261053704 0.0802863073169882
"ufb44" 0.700872055952836 0.052363943577035 0.270681873104797 0.201661601120139 0.11417124821761
"ufb45" 0.787161385860546 0.068675201107384 0.352729854956566 0.236982088268559 0.148902036219996
"ufb46" 0.764483562530169 0.0563778785989333 0.399839719737058 0.22491521230887 0.14463615408766
"ufb47" 0.650933261716127 0.0287867446206323 0.614488131233895 0.182321310043379 0.0871216567915216
"ufb48" 0.586874311728099 0.0715813482345357 0 0.14276152520296 0.0526079107701797
"ufb49" 0.68277344799785 0.032920031727936 0.614473381509405 0.16264269398796 0.0960492401332897
"ufb50" 0.66794450337664 0.0492250356422599 0.292397786413752 0.185510008883696 0.112429350755942
"ufb51" 0.735535566990063 0.0435633781711985 0.499822100419712 0.210515274753676 0.130586866064923
"ufb52" 0.676250229935916 0.061341671662173 0.125233488118726 0.174511013360938 0.113266004398914
"ufb53" 0.653849832615973 0.0420638611106936 0.408066392593795 0.199392652161993 0.115196646368796
"ufb54" 0.718716536268655 0.0545174757928736 0.281105424327306 0.209214115930287 0.1184872958624
"ufb55" 0.620303284936432 0.0748481320237321 0.0103080184329261 0.156473209763957 0.0637086181305093
"ufb56" 0.843387745445943 0.0355281566187041 0.736822990468478 0.234160879015183 0.113185136569328
"ufb57" 0.783923424158373 0.0495992888566466 0.484052209116079 0.23878866004008 0.147236562891751
"ufb58" 0.674388100792359 0.069962852456088 0.124962109855 0.182565384929301 0.101362680612766
"ufb59" 0.59262758637899 0.075238792264452 0.010024276116795 0.137927939780972 0.0682035788308215
"ufb60" 0.727533062584609 0.0361442098980653 0.593644101035456 0.232358302892524 0.109499685170937
"ufb61" 0.767332390601089 0.0472665056895167 0.473580137466745 0.223213561970231 0.137869231405752
"ufb62" 0.680187349963469 0.0438417842473066 0.399213768204192 0.170185835940669 0.101040938618949
"ufb63" 0.663599827117684 0.0598977851858645 0.187611048264169 0.171715161921852 0.111735171709349
"ufb64" 0.672631029598151 0.0261465319563778 0.69786425202765 0.169088819266593 0.0792344103291203
"ufb65" 0.682527903288548 0.0777141475973131 0.0315263445620677 0.180822779093302 0.0962504706926936
"ufb66" 0.651833424548485 0.058083666017596 0.166809005807586 0.169094059007154 0.104141563177915
"ufb67" 0.564729008128008 0.0603093556465917 0.0835321894208681 0.14101940260065 0.0764194074158344
"ufb68" 0.526897575280245 0.0579253164642859 0.0312067870551736 0.117039135439148 0.0500059813981337
"ufb69" 0.557458727876655 0.0316614015142478 0.428826399254234 0.144798647522121 0.0834754957535672
"ufb70" 0.607015814511636 0.0353590668518445 0.374985175034976 0.162437339400922 0.0885166012243728
"ufb71" 0.55869607266938 0.0705705673867286 0 0.126580174628895 0.0449450474868734
"ufb72" 0.559326378071537 0.0718726666054028 0 0.125044825223374 0.0481881006309674
"ufb73" 0.696196358186985 0.0659037106835501 0.199825679016695 0.197816569862833 0.130594732013211
"ufb74" 0.71997465196749 0.054293626558559 0.273581574919344 0.205471120135825 0.120668876952941
"ufb75" 0.765991590322777 0.0443623645914463 0.536772092477629 0.207126422926224 0.127467251075967
"ufb76" 0.609837198523448 0.065428105796183 0.0312218191580197 0.151655162757835 0.07535337204315
"ufb77" 0.612360599005282 0.0670307056348918 0.0312112022884432 0.150430757024486 0.0731696739764881
"ufb78" 0.566946857767655 0.0716810988273889 0.0101134247196692 0.128565629346496 0.0486830305575056
"ufb79" 0.616419065836369 0.0744575435070116 0.0103080184329261 0.156301873375393 0.0630154143296406
"ufb80" 0.660083473172411 0.0394366489060647 0.41847617815076 0.180945112345013 0.109083883837576
"ufb81" 0.566639593096333 0.0734092468768992 0.0101928142324525 0.128451144088774 0.0455652519853188
"ufb82" 0.584943429068755 0.0379645077689104 0.386269177171719 0.147886497383534 0.0981147659959398
"ufb83" 0.609663791585988 0.0437550196988688 0.333789540131651 0.147774751737788 0.102180302276383
"ufb84" 0.810924114466249 0.0444256203190285 0.631440183288994 0.218592104483621 0.137648611515453
"ufb85" 0.683561447068721 0.0491312376096462 0.416677681956015 0.19428637783298 0.129208780062594
"ufb86" 0.74671875953849 0.0339140442319449 0.641938145238691 0.214068633170334 0.102712557445701
"ufb87" 0.670083205050761 0.05512661092983 0.336844414597111 0.191955898366578 0.12618532827099
"ufb88" 0.737921442278913 0.0734055125837891 0.167133969031043 0.207836054814799 0.11381329888675
"ufb89" 0.581329339536029 0.0727528624583341 0.0100861205512839 0.129478842286855 0.0569265760449423
"ufb90" 0.807043586365576 0.0512546176685377 0.550056207364384 0.246010978599236 0.152135757675469
"ufb91" 0.695023624268353 0.0380952073186046 0.533698592719259 0.184628493008608 0.107305492136214
"ufb92" 0.65262375949195 0.0585826767499863 0.17724929365137 0.175750682985528 0.0962129346569
"ufb93" 0.599010899639651 0.0641830485225553 0.0519668095753856 0.148563422019423 0.0672326052061404
"ufb94" 0.590139571608301 0.0748389514701058 0.0101257797286933 0.135588186299537 0.0651590820375339
"ufb95" 0.622815458417649 0.0724967414188595 0 0.152464165090801 0.0678286543931894
"ufb96" 0.585672552993958 0.0734745795725769 0.010087324796632 0.136917264747897 0.0654084008984054
