"quartet" "cluster" "phylo" "mutual" "shared"
"mb49" 0.685518333157992 0.0805506603328597 0.103614290265369 0.179588496500074 0.0905112753903107
"mb50" 0.700443931483669 0.0679344005508976 0.238602380980108 0.175241491533165 0.117143304161803
"mb51" 0.79881317377114 0.0443460842654076 0.645625611372632 0.210127127114683 0.128777474895122
"mb52" 0.759259259259259 0.041557893731036 0.583841425716366 0.193117758062181 0.11580715672758
"mb53" 0.977415367059719 0.0411623342529414 0.958281951446019 0.270909297151234 0.136990039240666
"mb54" 0.844194595859621 0.0598227700287175 0.570340397241899 0.232302247103245 0.160187145022694
"mb55" 0.8065913192136 0.0484460145642074 0.584021070449984 0.226949929848492 0.134820292245204
"mb56" 0.797145014069041 0.0722406821134772 0.302097726189666 0.213223961847303 0.145292217926242
"mb57" 0.753578460064918 0.0385030196290378 0.663222932279567 0.240859282295554 0.116125699612579
"mb58" 0.664249452472422 0.0933206537426124 0.0209503412923436 0.176990419487407 0.0813833610534606
"mb59" 0.74908072510193 0.0817823795232507 0.135599925366373 0.208495719438097 0.122540488915042
"mb60" 0.709719300334749 0.0884915822265162 0.0624443337744418 0.190500930784834 0.111921077556066
"mb61" 0.748527546663657 0.0765743558922993 0.179341475304283 0.208352931512609 0.128594189894197
"mb62" 0.866265060240964 0.0399507270917466 0.755246582675027 0.250456528805417 0.121264588619606
"mb63" 0.738345393041959 0.0701085983812057 0.2195098816545 0.204057753699876 0.129412024533728
"mb64" 0.773672681966159 0.0563655098660772 0.453497462739859 0.216946324901397 0.138788133314965
"mb65" 0.879010034835959 0.0379658374038279 0.810403892179638 0.24077165500433 0.11848938114465
"mb66" 0.87324904254761 0.0368924563094128 0.833230569558705 0.236615396442345 0.115753378915627
"mb67" 0.874045143874562 0.0347507836065301 0.829643217924283 0.225834187346313 0.109035828871199
"mb68" 0.850746268656716 0.0305064534307508 0.861647423862712 0.20184204625052 0.0984947672583357
"mb69" 0.857786357786358 0.0381084747411574 0.757865224007591 0.241859438751376 0.115535337392643
"mb70" 0.830324909747292 0.0349866271616721 0.770807642389676 0.216039638266611 0.104743513927661
"mb71" 0.826499531396439 0.0368754201314618 0.701993691092357 0.227750806546926 0.109223226989793
"mb72" 0.73519326592246 0.0747460334925312 0.176722426564237 0.187653054000891 0.12491080659872
"mb73" 0.651404217000005 0.085730570228988 0.0517146995959328 0.169435366047327 0.0942740565923005
"mb74" 0.726134168276597 0.0315094108901837 0.694683828309933 0.194486912298427 0.0914132996104919
"mb75" 0.753736747753203 0.04840023850311 0.478868978407995 0.182823949056303 0.119899336187247
"mb76" 0.71772915015228 0.054252987016702 0.291120223111413 0.193729940747918 0.116524571224898
"mb77" 0.727328146835833 0.0832159415708486 0.0946715572841739 0.197617655404727 0.113492056591578
"mb78" 0.827019703042963 0.0371251577195813 0.723347318714252 0.231613716641772 0.109990763979107
"mb79" 0.710090161505693 0.0648988314798641 0.263053805510149 0.177870082438122 0.121664490799734
"mb80" 0.935810810810811 0.0288230388236325 0.936870525029727 0.191382697958809 0.0935444009553613
"mb81" 0.885236447520185 0.0302719540849742 0.895807642389676 0.198320814378073 0.0977653063735554
"mb82" 0.776512553162299 0.0468574321318845 0.542997822594601 0.218090964913336 0.127859189056565
"mb83" 0.800723262143919 0.0649664884182479 0.350225897714643 0.212514430030573 0.139753592669834
"mb84" 0.659768180095672 0.0805621249754543 0.0619503807456653 0.164482796968731 0.0816932920056241
"mb85" 0.735057625301528 0.0576355871806438 0.395389778095625 0.196800509348264 0.133356529157931
"mb86" 0.710586739760855 0.0509017054135758 0.395652220102637 0.170264996191029 0.107594213631784
"mb87" 0.66956756690745 0.0787880243582882 0.0941404689934317 0.170694289179215 0.0845736316178792
"mb88" 0.772236321784808 0.0321447234481629 0.728935448173753 0.201579009468941 0.0922268759564833
"mb89" 0.645288012552697 0.0790565312482061 0.0209524773490881 0.157909862667795 0.0792615654120438
"mb90" 0.845704376672824 0.049043812417747 0.619178953348025 0.225416545901074 0.140535012931076
"mb91" 0.653254564983888 0.0504058889624709 0.311367049548682 0.157653517124408 0.101534352234973
"mb92" 0.682284319595685 0.0671988388532608 0.209542620547269 0.167100084176641 0.0998844141505406
"mb93" 0.70263248550267 0.0615177122432367 0.247824148403473 0.177406556040578 0.107499198725751
"mb94" 0.701147990080886 0.0716039313129851 0.137120485641116 0.170896065191248 0.0973483831483906
"mb95" 0.655329862712059 0.0772044813119674 0.0418971636284963 0.161449050810342 0.0741299349932321
"mb96" 0.646194207329091 0.0830876147540732 0.062406398263483 0.165747271231395 0.0929159734612832
"mb97" 0.869914962077683 0.0335085677802153 0.83148166432132 0.21493617239546 0.103200316394296
"mb98" 0.642302452316076 0.0584094692895839 0.218948958361631 0.154339041433914 0.099268332108789
"mb99" 0.677583282254501 0.0625157383820401 0.2277722752435 0.168558485096051 0.0990862009971459
"mb100" 0.702722513677163 0.0721428148619775 0.154385015453767 0.178764308914507 0.102216122424726
"mb101" 0.674973053548905 0.071850592075208 0.17582062436129 0.173728223051825 0.0939621213529159
"mb102" 0.824868718617042 0.0472231914203105 0.61923919514144 0.220854105541581 0.13479905762529
"mb103" 0.729316913865832 0.0488859215289178 0.468501926451107 0.184135950099175 0.12231112934695
"mb104" 0.657279073727226 0.0441077924153166 0.384467510400583 0.163158316009273 0.10040570256012
"mb105" 0.696499080688429 0.0531868056305226 0.333768353987244 0.173181886050398 0.109409906652873
"mb106" 0.649765230537296 0.0887314877052311 0.0105835255954545 0.168656119144641 0.0740690923561154
"mb107" 0.645808496182187 0.0848952170869535 0.0309199795464756 0.16486783611573 0.0814172946166351
"tnt1" 0.648983585080538 0.0885514996431594 0.0104749888080306 0.167702399040674 0.0601745340440799
"ufb1" 0.767289220917823 0.0344024349867026 0.715605838269457 0.214715387211736 0.10306766627687
"ufb2" 0.701133961176244 0.0298272532247069 0.670041956142755 0.182344478470721 0.0848838381249694
"ufb3" 0.645404697143119 0.0876079406783084 0.0104751348420687 0.165481317654014 0.060285846483489
"ufb4" 0.80204332388425 0.0597039841377159 0.486480041150956 0.228963549252606 0.154440919845491
"ufb5" 0.799960904411286 0.0327585564343099 0.69139558376465 0.202508585918254 0.0909985425922848
"ufb6" 0.638406596252083 0.0855481778868928 0.0105835234804012 0.162403682944741 0.0555762561558154
"ufb7" 0.677957351222914 0.0820577962595835 0.0630500809933879 0.173738704529172 0.0751334081697959
"ufb8" 0.642898730193917 0.0781308336090961 0.0626137633032188 0.156412985851712 0.0702599042926248
"ufb9" 0.738062082652603 0.0508437095049963 0.416206162419981 0.196013779561699 0.117347485317579
"ufb10" 0.655232311698198 0.0895201139476735 0.0312323291573282 0.170081345861619 0.0751486083530183
"ufb11" 0.678828147415955 0.0822542360383932 0.0525808602167121 0.17325009189782 0.0803670584408998
"ufb12" 0.766842094650455 0.0449086370775325 0.521846049250638 0.204092218752284 0.119908286955052
"ufb13" 0.690147678827991 0.0596313759528312 0.261415898383031 0.172520294245472 0.110297593576566
"ufb14" 0.668879723703182 0.0663310172865003 0.196552236957891 0.168919856939537 0.0974213315138656
"ufb15" 0.70821295914156 0.0255070638196819 0.75 0.1589941978008 0.0721700896999171
"ufb16" 0.653566952486133 0.0780865744857799 0.0623803150919205 0.16155199271509 0.0667828428625942
"ufb17" 0.674572449969461 0.0809699041816561 0.0630500809933879 0.170934414157777 0.072883403670984
"ufb18" 0.699699764563579 0.0399616269253699 0.499821952605113 0.180295013025473 0.105602610874263
"ufb19" 0.643867584551791 0.0762321491409095 0.0620733275260993 0.152810700119859 0.0724718682483054
"ufb20" 0.662247078637374 0.067227709500691 0.124406664353225 0.162716033521416 0.0825884184648848
"ufb21" 0.769044357812665 0.0360128262526113 0.687983861260659 0.223677063620538 0.105296400578117
"ufb22" 0.764078578110383 0.0460506948677561 0.540219491225914 0.210737584856052 0.128956914242485
"ufb23" 0.588184509126788 0.028163027793937 0.599937695127137 0.169300978262501 0.0782904170204983
"ufb24" 0.652804745343205 0.0372635788389746 0.484038819410414 0.166012742408597 0.1009486874998
"ufb25" 0.685125433201879 0.0727598708310941 0.135985577221551 0.175257971280608 0.0863660103556321
"ufb26" 0.61134960510619 0.0522800045710289 0.186245895701055 0.137397634981604 0.0877123572565247
"ufb27" 0.630336071584655 0.0711002253572919 0.0621431707263573 0.1525460801273 0.091681252604989
"ufb28" 0.627536384843122 0.0714533854595792 0.0527576298970499 0.149712988340529 0.0871124891893201
"ufb29" 0.795634507188998 0.0357385772895126 0.712644269408891 0.220535185681349 0.104570033671562
"ufb30" 0.783314825097168 0.0369589715136934 0.726298113762837 0.180414277459981 0.111804652659096
"ufb31" 0.635359636752212 0.0781540867055174 0.062623691928741 0.152757763774896 0.0727253993612365
"ufb32" 0.708171654692843 0.0838876030163011 0.0736978253547955 0.18982258478254 0.116542954190814
"ufb33" 0.763883151372086 0.0346905026783367 0.659548790792702 0.21107728153599 0.0995099409300171
"ufb34" 0.668842234182626 0.0726573650567074 0.103582220174314 0.168797022068521 0.0798412772961611
"ufb35" 0.697589081428784 0.0655182269885991 0.195894222465681 0.172706764188458 0.101515128385553
"ufb36" 0.65103734930199 0.0883090875012081 0.0105835255954545 0.167823318465764 0.0592464682989381
"ufb37" 0.64681916153503 0.086511501106718 0.0207694969280673 0.165010710225116 0.0751950816045107
"ufb38" 0.717086501901141 0.0326154679997511 0.6275970558431 0.198531129541272 0.0916766234905481
"ufb39" 0.73924571609482 0.0438513525189392 0.494402346890505 0.200156249355743 0.121530313252573
"ufb40" 0.634147421004625 0.0852225573502379 0.0104751706461718 0.164104206762578 0.056545221079967
"ufb41" 0.638904404382108 0.0867889681304227 0.0105835255954545 0.165022972291796 0.0614962524181969
"ufb42" 0.792563806322865 0.0443802970689084 0.587534228817149 0.204773594821759 0.12068201322854
"ufb43" 0.704485575240523 0.0578109001075296 0.198915474103692 0.181276109552806 0.110982615458163
"ufb44" 0.696109772549514 0.0578031001528477 0.291757152186191 0.168336770384853 0.108628594055397
"ufb45" 0.812560336393617 0.0650021272102136 0.433517957949609 0.218988544596804 0.144171797809662
"ufb46" 0.734535058283292 0.0503138736627796 0.405648784583823 0.195275878181501 0.118684135994727
"ufb47" 0.649441064818296 0.0876247514945556 0.0314627365555387 0.168986569735403 0.0743257886062536
"ufb48" 0.734709222723498 0.0668014086151864 0.179470162201072 0.178691732297169 0.095032020265942
"ufb49" 0.642609872310719 0.0798631461437862 0.0620355379464745 0.163503907690804 0.0957885716537514
"ufb50" 0.740354751880737 0.0262319844055952 0.778891075421887 0.166726408016664 0.0800075588444777
"ufb51" 0.766063764349743 0.059325678918903 0.309412532767741 0.18988595169937 0.111873484618547
"ufb52" 0.751961794449843 0.0654638446430138 0.209326073434471 0.188479325461141 0.112371155076206
"ufb53" 0.715900736673118 0.0668141713085635 0.190734414537113 0.175714530028228 0.112861981920718
"ufb54" 0.665254499463158 0.0606426904848449 0.178061432441574 0.162383895511998 0.0882536186231396
"ufb55" 0.669971815681347 0.0658979201004839 0.134632863837264 0.166599514259241 0.082893270726913
"ufb56" 0.761984594472134 0.0419169643426777 0.572783131120501 0.186772477674004 0.113581973685906
"ufb57" 0.785432385374347 0.0333455226799903 0.702046162081184 0.2094884237607 0.0974057902371158
"ufb58" 0.823012839360972 0.0456575888420132 0.640295516966414 0.212627113907293 0.13395346233845
"ufb59" 0.632007535798238 0.0652270395245095 0.134322792464618 0.154590373648785 0.0904404947529529
"ufb60" 0.705842106314549 0.0595658266074791 0.336331964145984 0.182178372472451 0.125777308609318
"ufb61" 0.699242334556647 0.0446508286730057 0.411989356644635 0.198249278906542 0.111789677206239
"ufb62" 0.6642566211588 0.0771741162673279 0.0836765276270849 0.166195137124028 0.0777823139690491
"ufb63" 0.667325147978054 0.0501367722663892 0.326059961264707 0.166551502886039 0.102933825063895
"ufb64" 0.674552322327924 0.0584152370424271 0.227117542952281 0.173067724845254 0.093779134423783
"ufb65" 0.632588924818108 0.0523620160985199 0.24878451216231 0.148385730837474 0.0906057887758396
"ufb66" 0.67994350860675 0.0424174988509347 0.376615015987937 0.187774393040645 0.102241744484489
"ufb67" 0.679434420379794 0.0745826106097064 0.115072470044509 0.173347747487039 0.0840308312721045
"ufb68" 0.687541260758248 0.069907196971161 0.136305247887668 0.169548323146896 0.0973962005884492
"ufb69" 0.680944653632253 0.063283445963092 0.223105810924789 0.163421631079842 0.0961586843794364
"ufb70" 0.776656314699793 0.042636136537659 0.534531973494226 0.189826434154573 0.114243639165512
"ufb71" 0.636693483694006 0.0849772827497708 0.0105835255954545 0.162939072968306 0.0554763846121551
"ufb72" 0.666520266756048 0.0445270415988434 0.37397665107535 0.163327384802016 0.0946721775112958
"ufb73" 0.707866432058423 0.0589501764811954 0.230330851163304 0.19003736484854 0.116397594563872
"ufb74" 0.711433312061264 0.0596321246247224 0.329049888340829 0.180304696508079 0.121858833152709
"ufb75" 0.704083976802299 0.0627197938619088 0.226779512683349 0.179734529539854 0.103848026049551
"ufb76" 0.692065327935869 0.0543778977544483 0.272983590426436 0.178262575531062 0.0975451205413926
"ufb77" 0.755355696792717 0.0450711886604699 0.601679938195751 0.17742052978784 0.123809713586511
"ufb78" 0.640506277116163 0.0777957154156152 0.0627429173846322 0.151095059758713 0.0743937895908288
"ufb79" 0.603651244335609 0.0664867293919854 0.0936646468258283 0.145684144743651 0.0772868012321796
"ufb80" 0.643179333339357 0.0852698003533654 0.0418424934847413 0.164742938859787 0.0758870012148437
"ufb81" 0.615299636289473 0.0496823033060526 0.217217234513744 0.141507826398015 0.0886847439654901
"ufb82" 0.632802382802383 0.0279049216139689 0.635429512138495 0.172164109258608 0.0791213403434028
"ufb83" 0.762111259833617 0.0728271769105149 0.201258344326654 0.195627563916551 0.124768039678118
"ufb84" 0.651067857776726 0.0540193771655211 0.23804986014656 0.156550449190151 0.0920096786862296
"ufb85" 0.775648978650992 0.0614708780457877 0.328069389971982 0.200345164308074 0.13492965149892
"ufb86" 0.602194973240295 0.0677569388336891 0.0832663053319 0.145875159839124 0.075133983112264
"ufb87" 0.717788367386905 0.0585417310533151 0.24979134300922 0.188833016699727 0.106618600737854
"ufb88" 0.64498437248541 0.0756615299464067 0.0620468171617181 0.152505515742473 0.0750487520671235
"ufb89" 0.693343236468295 0.0657524685549696 0.155697510329723 0.172765148828796 0.0958770734764809
"ufb90" 0.710902491060754 0.0754273118243513 0.106358781970295 0.188450427770734 0.104563102402518
"ufb91" 0.733874230711898 0.0440336730881034 0.444050253920313 0.193106893150766 0.113280072825948
"ufb92" 0.779719426977849 0.0546777505899873 0.377270883002486 0.200631049996059 0.129694568855813
"ufb93" 0.646355986620076 0.0857345075904745 0.0209556249460313 0.164862038032765 0.0795945773405845
"ufb94" 0.651501287610175 0.0884809952781217 0.0104756887459172 0.168552449781661 0.0755237242853878
"ufb95" 0.716330474695011 0.0567447503133174 0.289026303754344 0.184261130922603 0.10437496269929
"ufb96" 0.605733068226006 0.0680258732316947 0.0841368512265002 0.14536649679829 0.0769821770150117
"ufb97" 0.637366136601903 0.0703560163023347 0.0932816937943126 0.155289290577125 0.0902352693232745
"ufb98" 0.712532189167703 0.0842609835192724 0.0735936340321163 0.19043949870056 0.110524124494207
"ufb99" 0.688917044545212 0.0307220526397901 0.606295899210032 0.187265474073039 0.0824382977936884
"ufb100" 0.677032943957941 0.0748954573874499 0.123650155972271 0.171638096481907 0.0866592609287735
"ufb101" 0.623731968357376 0.0418821261265449 0.357709679129758 0.155601276542349 0.0950065804847125
"ufb102" 0.656870701806843 0.0432223554898225 0.326563483034205 0.184191483574449 0.101815494343979
"ufb103" 0.854771784232365 0.0350467759404961 0.768300268623661 0.218132641260539 0.103075249273985
"ufb104" 0.669762909563367 0.0682672063030333 0.0938783824683269 0.160266633054528 0.0716602150787177
"ufb105" 0.705040769346615 0.0399784568065062 0.489390448655539 0.17699658589014 0.106017253486877
"ufb106" 0.632928250374563 0.0230311851764114 0.747326337936751 0.144738572869076 0.0678479744249962
"ufb107" 0.66333694247494 0.0510051208444167 0.292797332183119 0.160359110362417 0.100992502398386
"ufb108" 0.706898210506061 0.0452368514848347 0.468700385290221 0.177006522353444 0.101250376294633
"ufb109" 0.709266905841738 0.0564134385200233 0.257756668516283 0.181149730714015 0.103518642624924
"ufb110" 0.882136770345121 0.0348524292898737 0.841916708937389 0.222795012655551 0.108993838061477
"ufb111" 0.67619303948781 0.0810371338579411 0.0525808602167121 0.171525266888972 0.075964421927073
"ufb112" 0.640986731529561 0.0781970466154897 0.0727482445929833 0.163054157345492 0.0943578682706706
