"quartet" "cluster" "phylo" "mutual" "shared"
"mb49" 0.813920043330874 0.0651258991082115 0.481886000928619 0.249324076916242 0.169539242227713
"mb50" 0.657632654471931 0.0771843648477851 0.0835242064188853 0.169723383521439 0.0977979250815376
"mb51" 0.922628142797611 0.0459980192856208 0.797881267910201 0.280074719730244 0.141579825342826
"mb52" 0.711345982352389 0.0715906472594387 0.229155540883282 0.181940460841337 0.123208561300032
"mb53" 0.774563109657266 0.058467772129926 0.532214702991748 0.201485251242727 0.137732961832824
"mb54" 0.708924489044533 0.0911862591101668 0.0928178485703409 0.190615276088313 0.106105464691114
"mb55" 0.825798803814861 0.0367397302168941 0.789611199557967 0.231183072064427 0.110938524769739
"mb56" 0.878053664397277 0.031750320993504 0.854039157802661 0.200213866241172 0.0974731015836209
"mb57" 0.847717465364524 0.038984048948713 0.77886734258366 0.243517887237704 0.11575337523761
"mb58" 0.808844970030779 0.0260578236158943 0.854193248222364 0.166162482607988 0.0785612935635868
"mb59" 0.780072340906522 0.0707714893811249 0.268932460391858 0.227900804076853 0.136231457861979
"mb60" 0.911866960250319 0.0360357836697234 0.843716110306463 0.227838679293688 0.110321921655292
"mb61" 0.763409054725534 0.0737530748698596 0.220760137542717 0.217037440030852 0.124765259553256
"mb62" 0.909853365918685 0.0345337322986071 0.895742255573329 0.220883106349654 0.10880189909338
"mb63" 0.855309620187753 0.0442602389749555 0.726243896588175 0.274475735768407 0.134139601365362
"mb64" 0.875489900512511 0.0409328549022955 0.781264190596929 0.253428491956735 0.123022724531875
"mb65" 0.707264910515031 0.0734690070635882 0.115223935309397 0.183991310598086 0.0864261563679707
"mb66" 0.814258831944007 0.0819434725859513 0.407079065797383 0.246778780841024 0.178021903353843
"mb67" 0.892262895174709 0.0324844182968426 0.895793619046564 0.210477673158158 0.103761225445321
"mb68" 0.890731515469323 0.0314256045629337 0.852716633522803 0.201279782398241 0.095965677741785
"mb69" 0.765626224954922 0.0507190694123995 0.508913511362041 0.191325645299599 0.122675037939983
"mb70" 0.637492141764792 0.0869358257583528 0.0104576150100377 0.157962955211178 0.0756771726315263
"mb71" 0.782302686910717 0.0634535106947587 0.353001440099133 0.234382591101288 0.147425229390138
"mb72" 0.750760550915427 0.0336573944351086 0.715812630854322 0.212907229252082 0.1004439529068
"mb73" 0.784150414381726 0.0466273891448046 0.520942677260007 0.211397941509811 0.118913748173237
"mb74" 0.772060748173192 0.08569522507216 0.259779537744722 0.218923786451893 0.130312966050206
"mb75" 0.728159915172698 0.0448942628352832 0.52927935153083 0.206249541763603 0.124913335194161
"mb76" 0.670529375149181 0.0724005587272041 0.125310082377168 0.173540826525025 0.106838471770202
"mb77" 0.718982672647374 0.0673254103636414 0.270882853595278 0.182520705219107 0.128851052394146
"mb78" 0.728207155564341 0.0305184790565348 0.718760907414161 0.187660952527081 0.0857341481361744
"mb79" 0.639264618800103 0.0838264753078706 0.0313750484619041 0.162967902473225 0.0690700491390925
"mb80" 0.82472613458529 0.0445212180828679 0.705279788891677 0.212857855500483 0.129649252337029
"mb81" 0.791169601926826 0.0833640000621557 0.308621533288246 0.230147661786899 0.141906103095681
"mb82" 0.793499720405811 0.0522104318848296 0.616305084521623 0.207627991732929 0.139527249189619
"mb83" 0.825678650036684 0.03770270546474 0.776431702150055 0.239702298450033 0.117640426038873
"mb84" 0.989850869925435 0.036878998824671 0.989574225557333 0.241465238892223 0.121404198077554
"mb85" 0.639987113320256 0.0749163309640656 0.0416952591222195 0.158573688322577 0.0794023381907254
"mb86" 0.761276465173366 0.0283234173838384 0.739561092826261 0.171518718837863 0.0802630386381745
"mb87" 0.792307692307692 0.0540249454486887 0.476849734843033 0.244146764572161 0.1450427586553
"mb88" 0.740434201888031 0.0860584410544664 0.187436505894235 0.205917911791457 0.117146592639913
"mb89" 0.627302795336133 0.0733682591121904 0.0209036928651407 0.149923905318267 0.0671133382035241
"mb90" 0.62706486234251 0.0846267988322314 0.0104580945183664 0.153378331177388 0.0754166851420987
"mb91" 0.670640555287266 0.0638071251370295 0.250611605050339 0.175246885032045 0.105391777775725
"mb92" 0.712834724970179 0.0551799405678246 0.375026086870358 0.181220764572278 0.121890786440269
"mb93" 0.667494442412134 0.0531898691125594 0.271550776588457 0.17298177806088 0.114238984464936
"mb94" 0.678731338837855 0.0716344786730093 0.105759165834705 0.169092531641789 0.0769504115196945
"mb95" 0.637504048605604 0.0822286132931415 0.0316966994500606 0.161682231348159 0.0623950239800451
"mb96" 0.715130049970671 0.0557725905644014 0.354239481940299 0.180821756822195 0.117801267740526
"mb97" 0.720644111803307 0.0888510453066703 0.144230034737096 0.194033621980297 0.108382436382451
"mb98" 0.788545706198486 0.0488038143780793 0.614347867812997 0.187424491686701 0.126845501319485
"mb99" 0.624472802470145 0.0844158406334769 0.0206684388433711 0.153681331407185 0.0822087166506407
"mb100" 0.681267927835209 0.0686953201298977 0.147303759450461 0.161751201763884 0.0920387537314557
"mb101" 0.815310813511893 0.0396330058054203 0.677006446170259 0.238123682198667 0.116301642344318
"mb102" 0.655853466302543 0.082623230433112 0.0622677779443652 0.16470220309406 0.0859420197923481
"mb103" 0.604907661065693 0.0725489874071109 0.0209019741390615 0.140426372419302 0.0730844936883082
"mb104" 0.724383802816901 0.072227457261395 0.125835841142442 0.190901442921294 0.0906740324258699
"mb105" 0.68313388723545 0.055823506878937 0.301057571818143 0.166206601557193 0.100039005003831
"mb106" 0.766904618560248 0.0513281296879818 0.424481077884457 0.22546270795764 0.128135750982267
"mb107" 0.654559469307671 0.0396978879345291 0.466376003451317 0.178416052122099 0.0900760858510052
"mb108" 0.627991736285268 0.0845172191797064 0.0206961114995842 0.155006498674802 0.0795426924977818
"mb109" 0.848909345607364 0.0553678602021836 0.593861749259082 0.254562719797112 0.157341401355078
