"quartet" "cluster" "phylo" "mutual" "shared"
"mb49" 0.726584749404558 0.0563633561863834 0.386140649940139 0.192781539274227 0.123144585358378
"mb50" 0.79222921680331 0.0746666602317646 0.33424449429196 0.225346731688334 0.152412581348846
"mb51" 0.755810666840606 0.0527529751790353 0.470081998685992 0.207716648752946 0.136949997154558
"mb52" 0.829268292682927 0.0352643341764411 0.757912215039456 0.225732700179289 0.108939346844329
"mb53" 0.788694316436252 0.0341694143962524 0.715782919360204 0.217429846489315 0.102027223410688
"mb54" 0.872601528781655 0.0378652757145089 0.810521946240136 0.244934257200438 0.119422306640896
"mb55" 0.899491094147583 0.0438388344121216 0.791640991553839 0.277240391903947 0.133790038418256
"mb56" 0.680198199836349 0.0825048102871119 0.0939815051664959 0.186564896492929 0.100552618843843
"mb57" 0.754546233565914 0.0844071888621521 0.208378518143774 0.218149704562923 0.13442542387733
"mb58" 0.879142300194932 0.0290245775987507 0.916666666666667 0.194359332472906 0.0955648812092728
"mb59" 0.715508907609446 0.0756701695028547 0.197377328542922 0.196290047163019 0.127422062951013
"mb60" 0.824565551483627 0.0505462741217199 0.541459092538097 0.229834938223516 0.131402573910894
"mb61" 0.619337577442339 0.0711847265503039 0.0313453417597878 0.150842356414253 0.0716776580292167
"mb62" 0.714633692152434 0.07128525323511 0.290445008724388 0.187841782611409 0.121194746890897
"mb63" 0.74793872591564 0.0422395663767923 0.572513240373009 0.197512987193899 0.118424065464764
"mb64" 0.813236445390128 0.0468299497426133 0.60693721765281 0.222627914039131 0.131598665420804
"mb65" 0.85653798256538 0.0403578171807159 0.718730743665379 0.250930982066119 0.119714542868653
"mb66" 0.818403319366711 0.0612033167526374 0.447454609245771 0.229960932298001 0.15457448695791
"mb67" 0.899355200448556 0.0444301447712127 0.73952556432947 0.279371927784723 0.134992580119299
"mb68" 0.917376437674852 0.0326925309972888 0.874922974661516 0.211766283699511 0.103497890727672
"mb69" 0.786528055936193 0.0796741911446381 0.260504899622191 0.232830158108783 0.15999636035307
"mb70" 0.78540334176211 0.0624133270348377 0.364740321957845 0.23032287528957 0.150628728115421
"mb71" 0.596539361653609 0.078116288901996 0.010240594908113 0.143078330275033 0.0783138940506791
"mb72" 0.747244934233914 0.0299593319341703 0.715731030961819 0.188624772030013 0.0870126427842998
"mb73" 0.812023813396662 0.0686157124084409 0.386822045154807 0.22763906128074 0.156922288585164
"mb74" 0.815440141922065 0.0325613477292839 0.781269256334621 0.207994135946406 0.100575012633035
"mb75" 0.88893541295928 0.0391630348063304 0.791640991553839 0.250977529412779 0.121340510200085
"mb76" 0.766937669376694 0.0326539008909246 0.694666383122193 0.203270961473465 0.0944627160931443
"mb77" 0.842956120092379 0.038943636504341 0.755243281233214 0.252383565267111 0.120830090444969
"mb78" 0.665866001259299 0.0455251333691132 0.386519230304334 0.169788741674527 0.106637976762914
"mb79" 0.716188563273504 0.0668887906826885 0.342447337981504 0.189148757532166 0.127254738350693
"mb80" 0.985316099533984 0.0428920010294487 0.979153829110253 0.287387423857301 0.144884421148914
"mb81" 0.906205281644335 0.0301692866268899 0.906192230996137 0.198641647887921 0.0974427289610196
"mb82" 0.72883487007544 0.0299874090865329 0.684185947600765 0.186586559389533 0.08652098328882
"mb83" 0.636880072599376 0.0673506292543873 0.0522274381806596 0.156338874758984 0.0768654063465342
"mb84" 0.617777107086023 0.0793429619512744 0.0102960964469727 0.149450862795548 0.078287756395258
"mb85" 0.721628694681747 0.0830058894628795 0.157966533123471 0.204050164357485 0.119179507071889
"mb86" 0.696405051234159 0.0518890149088499 0.394079752381265 0.176094968612332 0.114136236977226
"mb87" 0.704728267118597 0.0731824347292273 0.259254892904473 0.185197580600934 0.117713023618486
"mb88" 0.609892369625947 0.0703938550310921 0.0208934067620286 0.146314128981635 0.0652774934573224
"mb89" 0.764344822527623 0.0804691187842078 0.218802745373914 0.220080918339003 0.136108519023631
"mb90" 0.698720698636433 0.0553763655905725 0.269212743344949 0.176134320404948 0.105639247105553
"mb91" 0.705362236166572 0.0294519621402289 0.694770159918963 0.188886036484554 0.0869905194996624
"mb92" 0.754229242682466 0.0524751785772777 0.389292290211071 0.198208142765222 0.113391072729723
"mb93" 0.650743400020434 0.07808053515591 0.0730905343370479 0.170462173207872 0.076246412039968
"mb94" 0.586189836485567 0.0752669819113587 0 0.140576807438751 0.0645495721318972
"mb95" 0.584265689501895 0.0745399567993656 0 0.136307695467056 0.0578607321626625
"mb96" 0.759601758657026 0.0802173978244688 0.229229961115363 0.220394948641355 0.135527639498679
"mb97" 0.671497141975472 0.071002950014312 0.113898277429546 0.172639222042447 0.0901604186845768
"mb98" 0.580582099206816 0.073758477685544 0 0.138532695172517 0.0599304221282482
"mb99" 0.633180872858808 0.060196758598386 0.125189493808399 0.157423030945163 0.0853604857790841
"mb100" 0.825134907153835 0.0507873457057386 0.687318223697934 0.208576964892804 0.148693974799979
"mb101" 0.627653165293154 0.0752023357129633 0.0730864729490706 0.1601491258699 0.0807716095661371
"mb102" 0.587420324055176 0.0691762071645293 0.0104444403811089 0.134850600841711 0.0655428596587939
"mb103" 0.614102534411018 0.074509741398597 0.0626435267566813 0.151653556024834 0.0766951829222108
"mb104" 0.690225383391855 0.0804159572270787 0.0949099905121411 0.187094475990535 0.100311940273623
"mb105" 0.683985696623307 0.05276824035631 0.373178734892615 0.17199518138469 0.111815601448147
"mb106" 0.698755057950083 0.0501009605357159 0.294552635795738 0.179310824107788 0.0985885826881208
"mb107" 0.758471521268926 0.0297606692171932 0.739576914555126 0.192537984271791 0.0890849274696268
"mb108" 0.729271206690562 0.0331081908155699 0.666548052878912 0.15782132819209 0.0873316659180403
"mb109" 0.645990446685345 0.0647904120937449 0.105380041281132 0.159302820042839 0.0834354398317337
"mb110" 0.607346351156802 0.0758822522636536 0.010306133958045 0.143724807571135 0.0749223542262004
