"quartet" "cluster" "phylo" "mutual" "shared"
"mb49" 0.87123503084553 0.0327639437264132 0.875108889202549 0.210334152807879 0.104625806003413
"mb50" 0.768395288358574 0.0570638426915257 0.426937557839097 0.209001677985453 0.146515413004015
"mb51" 0.87348261638185 0.0318348445056135 0.852462907019351 0.20463355941894 0.0983752536829448
"mb52" 0.862311186225837 0.0387746402467896 0.760184364735097 0.23449988540597 0.113674014683355
"mb53" 0.708830829710613 0.0710078192926419 0.248588481509085 0.180884036669792 0.116907136055929
"mb54" 0.821854440789474 0.0581310853647319 0.530935361976023 0.221515473256469 0.135806083846197
"mb55" 0.79565262900806 0.0614075357479258 0.478807610227109 0.207010340444261 0.129324751589716
"mb56" 0.862819953461315 0.0513259262150776 0.687252001361614 0.237922378631721 0.150508717611159
"mb57" 0.650770929497942 0.0627251795836251 0.0704951437816499 0.152946411442329 0.0788793044088245
"mb58" 0.84570188918015 0.0423776919049448 0.795693870476616 0.2722165588635 0.133541843640995
"mb59" 0.638744560677657 0.0828256985753921 0.0205901938491013 0.157933061361824 0.0702562231131266
"mb60" 0.629419524954612 0.0855857622318333 0.0206835376101556 0.154544260791092 0.0650964189108218
"mb61" 0.818390553247321 0.0380700464141072 0.718673879659772 0.231462376406344 0.11051937633999
"mb62" 0.821380378829527 0.0379245154827297 0.776518454385178 0.240341420698521 0.118412423142605
"mb63" 0.775280187424808 0.0332974444288659 0.768469865787501 0.205392241894314 0.099425497772137
"mb64" 0.910995068175225 0.0329773294814384 0.916723300824895 0.212722387432577 0.106280931358135
"mb65" 0.750458679782957 0.0442002112151533 0.560153376088071 0.205796595370465 0.121012810294673
"mb66" 0.730452459291238 0.0429577405357121 0.525503116178547 0.193718338266593 0.108060250682029
"mb67" 0.751778701121293 0.032793238952472 0.734169816922922 0.203774021052659 0.0978668291732301
"mb68" 0.635498895529033 0.0727969387367808 0.0519745255146243 0.153077380284591 0.0702474793385187
"mb69" 0.646713556623355 0.0718590408876809 0.0834089888924988 0.156823946116592 0.0847249250085084
"mb70" 0.976135661744062 0.0364023574170065 0.97914199872763 0.237796780753384 0.119709140936468
"mb71" 0.834655428854735 0.0388152659658329 0.760389882204513 0.239780813089207 0.115835049498987
"mb72" 0.883675885074787 0.0382999832944545 0.829651749942584 0.239522911239894 0.118249150700391
"mb73" 0.753557803731625 0.0615344161599134 0.331045359563937 0.194898309286687 0.123642118674712
"mb74" 0.739591933010968 0.0326341852297823 0.720466262596944 0.207876198767516 0.0990125750765363
"mb75" 0.783648753971902 0.0576689029761267 0.486285490716903 0.214422134933668 0.140143780028671
"mb76" 0.813638561986136 0.0352847707110404 0.739480501564789 0.219691001255893 0.106015703317985
"mb77" 0.730922503161133 0.0644833443546723 0.263694603824 0.186321699883813 0.118090912824713
"mb78" 0.631115294695431 0.0561010466072156 0.238769837587809 0.156113179060554 0.105091666628885
"mb79" 0.64926913027249 0.0642215843632679 0.198448275952616 0.157760800170451 0.099531728666099
"mb80" 0.715418537119635 0.0680215029904436 0.300558645184968 0.18521110854275 0.12731317293005
"mb81" 0.850089815470034 0.0346501542988557 0.810517124499208 0.217235897960035 0.105163659711023
"mb82" 0.635920227920228 0.0467121802790064 0.332522724374026 0.168438902681377 0.105302500083865
"mb83" 0.646747593175562 0.0681995622730181 0.104261218775983 0.15617126063402 0.0866498178663501
"mb84" 0.604862102111766 0.0713837395713388 0.020936888710592 0.144674191580885 0.0643514565884965
"mb85" 0.846158989102093 0.0290564742678602 0.863053188957979 0.184807183407715 0.0895291735097128
"mb86" 0.788166292910126 0.0370521285534789 0.687438257118571 0.221479145739097 0.103030782235304
"mb87" 0.598967345823225 0.0778222006625125 0.0102388710032447 0.139661797627668 0.0602806252601555
"mb88" 0.808596320962038 0.0520679131990008 0.655110594845359 0.204734286717871 0.143748084183063
"mb89" 0.653054213530036 0.0672677893259329 0.177419936160573 0.159941201256674 0.0913076745634127
"mb90" 0.648895281661911 0.0450300671352755 0.349283560019896 0.159362698452378 0.0970063086097891
"mb91" 0.653733528550512 0.0506101534321259 0.324771326915923 0.159259961374698 0.103065360388073
"mb92" 0.614869894228612 0.0704528972954933 0.032039304949729 0.145899426280304 0.0608768912136235
"mb93" 0.630041423278982 0.0793689263194945 0.0205648439724209 0.15447707745837 0.0648142851837232
"mb94" 0.708676880127543 0.0550757072546426 0.383164537934555 0.181101936029944 0.119976455479972
"mb95" 0.646495098039216 0.0356451739570801 0.497679241451237 0.158507547964222 0.0880654171411352
"mb96" 0.770813844714687 0.0259140554383023 0.58572103923013 0.157084543608212 0.0720074004683366
"mb97" 0.627420105901386 0.0618974133325624 0.0507094534760663 0.142069184520689 0.0688596479260161
"mb98" 0.688599107791966 0.0700493727089353 0.22788611023709 0.171611449104512 0.103818674582435
"mb99" 0.733635739571696 0.0589566264998454 0.312293914596472 0.186376931661041 0.114822576549491
"mb100" 0.776477058453803 0.0461018482900572 0.541455232708695 0.208051901998265 0.129254006029117
"mb101" 0.754248701340345 0.0302389942004813 0.75792914188614 0.189435033579306 0.0908605228281956
"mb102" 0.615511119301174 0.0714467971097094 0.0423607631156417 0.146112572428501 0.0662014557959343
"mb103" 0.616519174041298 0.0705089076874547 0.0520745074727098 0.146280789667105 0.0665062313827403
"mb104" 0.703485394582999 0.0617678237413269 0.252435044565934 0.173303009010993 0.104674222732445
"mb105" 0.636385226159802 0.0676036477898342 0.104388800594219 0.150040097680434 0.0850114878916739
"mb106" 0.635530005181189 0.0586510893481045 0.210995850414616 0.153125003353515 0.0954272137610438
"mb107" 0.588169888918417 0.0713455031311533 0.0209323610978744 0.140579419553349 0.05806896302576
"mb108" 0.627979447256921 0.0595462324760405 0.125198328615168 0.154560836207228 0.0851225215436234
"mb109" 0.630606636095542 0.0587626213534308 0.220288724294064 0.152648022347244 0.0955042535626495
"mb110" 0.754838194804677 0.0455658631965844 0.499909616596672 0.203824313528637 0.126375640377742
