"quartet" "cluster" "phylo" "mutual" "shared"
"mb49" 0.889778037383178 0.0344189167409846 0.843653535847128 0.221105883987483 0.1070426459702
"mb50" 0.876660128887644 0.0338151928138705 0.874974178963292 0.22394417664365 0.111496011932833
"mb51" 0.819970994461694 0.0607848064436447 0.467195391228319 0.231262532568145 0.147733069493146
"mb52" 0.663846904124313 0.0871837132967102 0.0513434785261625 0.166152710815247 0.0819712203585582
"mb53" 0.897051402206041 0.028361007695027 0.895769023898085 0.187758710410778 0.0915556169001773
"mb54" 0.70887878342771 0.0659850780871232 0.247953708593909 0.171953970078367 0.106018040705903
"mb55" 0.58101775147929 0.0622652572671539 0.0102094815041051 0.133164100219443 0.0643635033437634
"mb56" 0.849196021935124 0.0409766712405288 0.749948357926583 0.260015517277259 0.127797403178136
"mb57" 0.96943633850407 0.0388725046994482 0.968730707169426 0.26178793764241 0.13173635775355
"mb58" 0.808811907270811 0.0315949932969848 0.749845657355405 0.197239875935168 0.0949481077127223
"mb59" 0.786065904505716 0.0727430037489138 0.27997689720371 0.216745994890143 0.137694369133809
"mb60" 0.731720866317274 0.0589344821647244 0.4163761417665 0.196263453198159 0.132856844191912
"mb61" 0.659259996820722 0.0762805184454972 0.0835393490217587 0.172154476145245 0.0933907846613309
"mb62" 0.741596781891321 0.0329007959910174 0.687409772265435 0.204151517151729 0.0928103501723606
"mb63" 0.715319290255242 0.0649518836085036 0.228183996513207 0.185960472561255 0.121755454233816
"mb64" 0.756177058143203 0.0329826605340354 0.708255967485818 0.209957453952303 0.0987630102285372
"mb65" 0.703394149424116 0.0518168820425867 0.311314079211004 0.191308494060347 0.11779473758344
"mb66" 0.783309020179917 0.0468944407222277 0.593638245356678 0.222451869309159 0.131193555581377
"mb67" 0.850772210359041 0.0388965988028881 0.739473910030803 0.244446928497985 0.118744038468948
"mb68" 0.792787014652918 0.0389914014897485 0.697884220161216 0.246359651498476 0.116978565524057
"mb69" 0.802666389998444 0.0373527519790293 0.749897007640994 0.237961971371534 0.114144235936575
"mb70" 0.741250677573548 0.0548483606674651 0.385258732290689 0.209228545701087 0.139421998537881
"mb71" 0.795910053772201 0.0449412330134928 0.581966654859922 0.21069996606352 0.12678181763899
"mb72" 0.862590737143441 0.0364647118478758 0.817116888354988 0.240059318479198 0.118391806583285
"mb73" 0.800323377999145 0.067990586385484 0.342333859170236 0.22563834798235 0.147260554440947
"mb74" 0.719842162977375 0.075123175362741 0.176992015612365 0.193733091253238 0.10114996556955
"mb75" 0.712835892785243 0.0633181803387543 0.272409004138361 0.17321083148282 0.118378941024844
"mb76" 0.697324495484003 0.0715219672861006 0.146182774884948 0.17802242537853 0.104415925661123
"mb77" 0.701923886503326 0.0407071178873822 0.468608421387561 0.182776425031433 0.111283066445447
"mb78" 0.685720117206286 0.073888902973889 0.114804053466092 0.177052513637168 0.099819218923116
"mb79" 0.585074011953079 0.0729984224142821 0.0204220129483467 0.13987978469591 0.0592626836487472
"mb80" 0.670103875487456 0.0507274187064241 0.249781573322487 0.162568613869973 0.108002602583564
"mb81" 0.907575649188068 0.0281114087450175 0.905312749845997 0.188515480892193 0.0928922770848767
"mb82" 0.746510873093152 0.0328292145774582 0.670144315018827 0.209392206622134 0.0998444133789884
"mb83" 0.707759185461074 0.0680438966079549 0.187963796764272 0.178644213293764 0.10886802752593
"mb84" 0.888751960564643 0.0371576341197231 0.778976602208024 0.236021894032139 0.11255291408695
"mb85" 0.572499934311606 0.0611532764533553 0 0.124262324276291 0.0508959678682215
"mb86" 0.604091010321836 0.0616766890575315 0.0622807829393088 0.147129587818096 0.0848894353207013
"mb87" 0.734518015296759 0.052698910099199 0.437251257461123 0.199136119148737 0.121539613591336
"mb88" 0.574308979621578 0.0607676763657124 0 0.126675577478721 0.0504901275494292
"mb89" 0.706721135664494 0.0535515208976783 0.354014820825936 0.175653609024743 0.117238717954938
"mb90" 0.767585048821444 0.0300033023736618 0.718730415381599 0.189640037678245 0.0878211173575449
"mb91" 0.573593483282334 0.0700642104273942 0.0204253587188293 0.135030561184935 0.0555216028462204
"mb92" 0.692162546149707 0.0736836459057795 0.147339191997771 0.180648905670571 0.0948851926836117
"mb93" 0.740932450918771 0.0457225258000141 0.468608421387561 0.20930521296223 0.126506761520361
"mb94" 0.822199205938201 0.0352785568491106 0.718730415381599 0.221940225583075 0.104824341979753
"mb95" 0.684526900849733 0.0457394486028557 0.364342741187207 0.171776144360881 0.111019747848233
"mb96" 0.610141627468286 0.0711031589958123 0.0522047925838708 0.152696013563072 0.0726583934554486
"mb97" 0.654856997735127 0.0833836548712615 0.0517926251938322 0.161625017191664 0.0798010342786081
"mb98" 0.718534871752799 0.0512206747247585 0.403252410192641 0.17293244469181 0.114061730060392
"mb99" 0.693590935356631 0.0674103871200927 0.198730517573778 0.166806442679335 0.0947012963321981
"mb100" 0.738542797683677 0.0509724133500031 0.499800929046055 0.200807709003911 0.124642010065117
"mb101" 0.550954035800931 0.0595192163521443 0 0.118241244433742 0.0452964066110036
"mb102" 0.772025615904801 0.0473483559720117 0.613480173415318 0.189524542956987 0.129374437490711
"mb103" 0.774600504625736 0.0239808454232151 0.774563766967111 0.158618889634669 0.073710327836052
"mb104" 0.570774010074136 0.0603494670497024 0.0105224741704282 0.126054517244391 0.050409039145332
"mb105" 0.738468573170499 0.0457769887474978 0.468549114412798 0.209461263392031 0.123776920286047
"mb106" 0.583124224587457 0.0508935351918466 0.0727482688460539 0.1400509646342 0.0675541397490243
