"quartet" "cluster" "phylo" "mutual" "shared"
"mb49" 0.901147849922906 0.0339178034142172 0.874910127875194 0.228400375484342 0.111969475911484
"mb50" 0.706838906205323 0.0782149798826569 0.125429955064251 0.19877618139038 0.111192293894723
"mb51" 0.778293180493491 0.040713314474078 0.591895937877986 0.190255373055714 0.109996136980115
"mb52" 0.972758229284904 0.0409614006602743 0.947930575447887 0.279555495288261 0.140618676783896
"mb53" 0.68105032385617 0.0828175420248011 0.0722471489280846 0.187774248748575 0.111007808245842
"mb54" 0.786640307980439 0.0470536037988283 0.528945710524715 0.217401883690233 0.130215176514655
"mb55" 0.739568371989585 0.0719925622215871 0.228391512206687 0.190051240270726 0.126859683028119
"mb56" 0.707723315059658 0.0525070645697598 0.384029775503265 0.174400774685777 0.117511790311635
"mb57" 0.779830686522894 0.0328649756847654 0.726286838204852 0.211212740778912 0.10005517499335
"mb58" 0.646527720282889 0.0929789340136905 0 0.172458154425274 0.0898316056569384
"mb59" 0.732164774470696 0.0580538716552581 0.366670098849714 0.226217942208576 0.142189093643361
"mb60" 0.716768211505631 0.0780753138675461 0.15665889053184 0.202519187682217 0.110582123646368
"mb61" 0.7527192941506 0.0425816709582822 0.50597591717944 0.195923400487225 0.113313018048218
"mb62" 0.745514365507479 0.0731575949838095 0.261319572898246 0.222032624983563 0.145707310335137
"mb63" 0.860319064462571 0.0292225676902918 0.875064194374861 0.197633582518673 0.0956372597326382
"mb64" 0.806287128712871 0.0391910098592087 0.694894162207596 0.252478456607611 0.121444548922555
"mb65" 0.912989382879894 0.0315320052330379 0.829732558934261 0.208921555568333 0.096757108661799
"mb66" 0.895066018068103 0.0422539732542585 0.821087591601688 0.278163173293161 0.137791768813554
"mb67" 0.860613301473517 0.0402119059759469 0.757938983120886 0.261035438621201 0.127745805838706
"mb68" 0.749374084951183 0.0750995922277505 0.240758938537454 0.226502928841585 0.139334256496246
"mb69" 0.782890640714949 0.0634080514768397 0.419156001146152 0.245556506408991 0.160768202888837
"mb70" 0.878839409076416 0.0384532118568206 0.778902029641561 0.247381995656947 0.120140063949413
"mb71" 0.707476871697855 0.0796370184496341 0.134832127030633 0.193765342027434 0.126226122504925
"mb72" 0.76254997535462 0.0544197768134343 0.426546326502271 0.208991810935182 0.137851003724845
"mb73" 0.850685705480507 0.0397700580525607 0.736820255248945 0.258427432551463 0.126781962466172
"mb74" 0.744431671499025 0.067939777470039 0.270105858313873 0.191675029998268 0.129723978214349
"mb75" 0.735100314712825 0.0598284304811822 0.27977188107186 0.192992636401298 0.123825086954462
"mb76" 0.821836455002284 0.0353416858042659 0.68085999037808 0.219634376412058 0.104115444414817
"mb77" 0.790725484985384 0.0334556082623509 0.718547787719187 0.212676710780114 0.100311826646605
"mb78" 0.659121598899024 0.0780649274598484 0.0521746843492357 0.174797851372025 0.0879224376261877
"mb79" 0.786350844277674 0.0340445620156782 0.715753421160759 0.218270320331176 0.10378175189158
"mb80" 0.739913229998738 0.0767901760201687 0.219440562247091 0.215010762130267 0.126234782993643
"mb81" 0.752430453521403 0.068946069870226 0.285456829112737 0.229978641053885 0.148158646438737
"mb82" 0.630019728853102 0.0827947161868213 0 0.164495688940796 0.0818327766929961
"mb83" 0.631664674522474 0.0829701541883359 0.0209040282613404 0.168036612990929 0.0912296611772245
"mb84" 0.729380235965705 0.0529654737329336 0.362774273232469 0.198884895226897 0.125216558288025
"mb85" 0.880662514156285 0.0295509006825338 0.854113171354282 0.196838076971856 0.0956081105413422
"mb86" 0.656584735364913 0.0780765879862782 0.0515159300949632 0.175087231709295 0.0897885123272123
"mb87" 0.723303559525397 0.0290916863038768 0.718650498718965 0.188287360457909 0.0880538691650289
"mb88" 0.632157228871398 0.0743588006303286 0 0.161050205103174 0.0798139453518033
"mb89" 0.77569197040285 0.029663892179967 0.770822634270857 0.192672892928186 0.091691603663863
"mb90" 0.684340743247252 0.0761699613653003 0.104378453280986 0.18791873052781 0.0919883945633774
"mb91" 0.751084568144684 0.0353565851597182 0.684153170028481 0.225272044715448 0.107050476077859
"mb92" 0.82423902370599 0.0514237859870411 0.656130177051113 0.21435887901685 0.152876361145807
"mb93" 0.724146874361433 0.0527482326664389 0.372358771619934 0.178792741430639 0.121725272689407
"mb94" 0.655699717406548 0.0826207119684495 0.0418097772293819 0.173274598163318 0.0917461436131502
"mb95" 0.793753670153766 0.044558909399572 0.566317472570522 0.208391532884163 0.123704829729975
"mb96" 0.703737898313778 0.0455904202601487 0.41491677735201 0.169950625993003 0.10727550108134
"mb97" 0.614526413871692 0.0832629567372512 0 0.153507273081055 0.0652958428956063
"mb98" 0.601289879777833 0.0708339121835136 0 0.147526633767119 0.0666697741121555
"mb99" 0.641613676639216 0.0347810907431295 0.56890912343661 0.164714096358962 0.0979859465808007
"mb100" 0.689866181163375 0.0803603561289806 0.07218173882772 0.187685342262477 0.102911774752482
"mb101" 0.673707146776515 0.0767392719508133 0.0731173140979785 0.177311292524444 0.0842017196161097
"ufb1" 0.644286825332591 0.0752669654205115 0.0203791413735617 0.166289809906453 0.0715917369384041
"ufb2" 0.728755641521599 0.0435279748610766 0.492303482777453 0.198449337999565 0.122843190665452
"ufb3" 0.787855396886659 0.0329519641378784 0.687532097187431 0.207033521696097 0.0968496708856022
"ufb4" 0.61047258225324 0.0716745145235742 0.0415886557884567 0.152976847473535 0.0735493155471511
"ufb5" 0.706584540202092 0.0460434614707007 0.392333480921883 0.176769949538605 0.108784168276053
"ufb6" 0.671506050857469 0.0736334584462381 0.0730947073246993 0.176140868129009 0.0770492550947628
"ufb7" 0.647380044916178 0.0781248324816553 0.0527005791473453 0.16977992215473 0.0885547412411492
"ufb8" 0.771249089584851 0.0493840459854931 0.470815974881009 0.225980081558581 0.136729762428977
"ufb9" 0.812666145426114 0.0418541650715198 0.676993126732482 0.206638607895326 0.130305250702429
"ufb10" 0.76074567354863 0.0450715051649391 0.534571388862981 0.212835920994587 0.131788130185727
"ufb11" 0.748658309419524 0.0547601127756812 0.383883181632403 0.208475170701372 0.135095984957571
"ufb12" 0.69785996541891 0.0677725974325628 0.197163370486972 0.182025269344019 0.123005028909612
"ufb13" 0.726695748226087 0.0469508377771721 0.444204349807465 0.217027376434986 0.126948729316641
"ufb14" 0.629671356414104 0.0876781121338176 0 0.161783955045563 0.0767405856589148
"ufb15" 0.74083538032391 0.0615251369940284 0.314613918040705 0.191187221774539 0.130136545658821
"ufb16" 0.756630013938361 0.0672769146976554 0.317117135311036 0.228734858709988 0.142190634726722
"ufb17" 0.740089906007356 0.0313718055400576 0.670162554123301 0.192132728195186 0.0900490882239021
"ufb18" 0.832182093283337 0.0417628026821001 0.708209762647235 0.208960882696838 0.128613755918009
"ufb19" 0.725876020767289 0.0599003263725944 0.290897136942632 0.179668027401472 0.120556945442449
"ufb20" 0.609167586345047 0.0732899674077548 0.0100015932521492 0.151878737756657 0.0764104073004234
"ufb21" 0.713904864605799 0.0335637462068233 0.622032967654724 0.159278505681436 0.0889549967268696
"ufb22" 0.629918938555349 0.0676236047745149 0.123702077526943 0.152703657892792 0.0880368950308273
"ufb23" 0.629314827332625 0.0843736909094044 0 0.160901461195023 0.0753042572607766
"ufb24" 0.791839787269403 0.0241449983614149 0.8525321613827 0.163636006022444 0.077985360240882
"ufb25" 0.605012831907368 0.0809409386670533 0 0.149257823087939 0.0654742029709294
"ufb26" 0.671895212516025 0.0542113372409931 0.290308688601869 0.158691701924071 0.104855792663841
"ufb27" 0.700408937355538 0.0324140582146293 0.631641766159283 0.203742039967903 0.096305499686368
"ufb28" 0.724696711449769 0.0460191875414715 0.451033787038429 0.181425420184719 0.121782058763984
"ufb29" 0.631101627874908 0.0762192619576812 0.0203619647744128 0.158583292756223 0.0746678855140127
"ufb30" 0.665865314791179 0.0793663359471728 0.0835573566984205 0.178614982326093 0.0932522438908231
"ufb31" 0.801259842519685 0.033697962797187 0.701992645531543 0.213463294519349 0.0990392698126991
"ufb32" 0.651738981407428 0.0788529696283652 0.0418173201242918 0.170213003257019 0.0874789808349522
"ufb33" 0.62934660948052 0.0867937509395908 0 0.160636182504525 0.0664505312320866
"ufb34" 0.773610643943641 0.0506160085539353 0.507756722747074 0.238027903004208 0.143224834975894
"ufb35" 0.702234030396526 0.0397764261300464 0.602974506685253 0.15990348364578 0.110062229758676
"ufb36" 0.721707218263709 0.0388668678319351 0.518652601461067 0.183393810465418 0.106494530729717
"ufb37" 0.611406818844158 0.0707291740789848 0.0925605829010051 0.14949881837284 0.0951744924854604
"ufb38" 0.715875315333317 0.0458460924780716 0.408774699659001 0.178997628142869 0.110460163994623
"ufb39" 0.767608655673389 0.0285659692508534 0.80199239130228 0.191027858134431 0.0933651802506588
"ufb40" 0.684506618531889 0.0689870523414592 0.146265506173839 0.19178137956476 0.104936678501288
"ufb41" 0.690248685266067 0.077211394058534 0.135817575448116 0.189616552975053 0.101508514919813
"ufb42" 0.68214913823426 0.0797712776335589 0.135795620827432 0.186210965682292 0.104960544261183
"ufb43" 0.785100394779094 0.0589748527098443 0.467324446473779 0.237573458663249 0.159100417800403
"ufb44" 0.642900887788352 0.0768158175429774 0.0417014084798304 0.166020464046178 0.0859971666761044
"ufb45" 0.649340884716945 0.0830927079854872 0.0313530384414711 0.169373058640033 0.0918657397560658
"ufb46" 0.654060208934519 0.0871426401447834 0.0316764998304753 0.174578699748566 0.096233570465309
"ufb47" 0.70235133510262 0.0709703876524437 0.156719085612875 0.197059021130027 0.10316036909634
"ufb48" 0.596572415674152 0.0794798545677542 0 0.146290771905603 0.0662474077860653
"ufb49" 0.724262783898387 0.0463467990656308 0.429047752140725 0.213162353145548 0.125442059240867
"ufb50" 0.648667512690355 0.0320252817149618 0.563765069758921 0.198159471669073 0.0896574975069887
"ufb51" 0.638551683799211 0.0887474962121765 0 0.167642069551317 0.0824576536098807
"ufb52" 0.658881256133464 0.0320111413313954 0.579026574722574 0.194067547091135 0.087722877077392
"ufb53" 0.732144817441324 0.0520478849525743 0.379009247508674 0.195610147099015 0.128734048095498
"ufb54" 0.729783552610101 0.059360876897604 0.301356213823732 0.180744404273813 0.121087979981076
"ufb55" 0.6023103186445 0.0803959670430529 0 0.149384145130023 0.0673240358809848
"ufb56" 0.62285429291312 0.0770394324246969 0.0104510128138237 0.152996498300054 0.0730241838858704
"ufb57" 0.654031757877698 0.056466124437915 0.249139503982853 0.171691200872034 0.113420219300207
"ufb58" 0.751949215547973 0.0496193813701396 0.444204349807465 0.224962176702554 0.131072419180859
"ufb59" 0.625090575773899 0.0815283227879928 0 0.157507239878706 0.0742067817231571
"ufb60" 0.713912291919923 0.0738206940554223 0.156904165257583 0.202974620056497 0.107824117495017
"ufb61" 0.6944342212914 0.0736321424897262 0.135758963757027 0.192502791607124 0.0956902991999752
"ufb62" 0.706109733321086 0.0529507659062794 0.311649490984 0.173782058463185 0.111167776549162
"ufb63" 0.620856543268474 0.0747637016659127 0.0206232381739489 0.15609916817723 0.0769149596063804
"ufb64" 0.758518309062633 0.0323470949063303 0.648820125084962 0.195643476629678 0.0913461861343043
"ufb65" 0.645916379605988 0.0810784701605341 0.073135745650067 0.171888970223555 0.0906081831813504
"ufb66" 0.705038526695448 0.0334154262648378 0.631531630091086 0.160580981255822 0.0945234991701318
"ufb67" 0.681673448989791 0.0534886592208781 0.284188196222338 0.17631741418586 0.114437183404648
"ufb68" 0.692989437969859 0.0719138425293637 0.1465819878457 0.186087286248017 0.118766440331803
"ufb69" 0.690362411239662 0.0722050784336456 0.155663558915487 0.185674994188184 0.122107233954099
"ufb70" 0.755531727261795 0.0519431520394251 0.552197647181122 0.212755780935634 0.144103140892102
"ufb71" 0.692773089266611 0.0464453593162645 0.377147371286262 0.176614708472921 0.114787939444289
"ufb72" 0.720828227276803 0.0537386300570228 0.34597413194032 0.181457246924721 0.123091116912717
"ufb73" 0.716527343202727 0.0408703629070647 0.463219091748862 0.181171262881677 0.108926515945612
"ufb74" 0.686033634085112 0.0786103581960936 0.093087581592992 0.183330940288816 0.100431453381125
"ufb75" 0.662784214006177 0.07968188867903 0.126644973310241 0.17820012110701 0.100798472888357
"ufb76" 0.593982973373803 0.0711750947840919 0.0204875602704653 0.146730001288605 0.0679895682473984
"ufb77" 0.656040685889734 0.07433769970762 0.0948910187327927 0.176309331152739 0.08564641994102
"ufb78" 0.672178443568871 0.0587205000331559 0.135452159028019 0.169744623127421 0.0957649321325406
"ufb79" 0.647780704844466 0.0603624498834058 0.114515870308724 0.159255843086955 0.0956415907763659
"ufb80" 0.784641543635724 0.0562132645341547 0.54149171728625 0.202273241150024 0.142746839903893
"ufb81" 0.71352173086842 0.0334577504094217 0.684204217345478 0.16435468585545 0.0980440417848057
"ufb82" 0.614735686427284 0.0837789358255671 0 0.151714850603981 0.0648509923715131
"ufb83" 0.630809566117342 0.0874206404639112 0 0.162745311294031 0.0743316355906346
"ufb84" 0.720387556458588 0.0755075509918255 0.146438240514457 0.2074220729881 0.10756370115163
"ufb85" 0.563649182177101 0.0365669738677156 0.374126898499047 0.128125441397291 0.0834086938227925
"ufb86" 0.715919524026401 0.0572360336685292 0.293693936383012 0.189876278965819 0.119992552987898
"ufb87" 0.653642592485568 0.0848925339966032 0.0422400100443286 0.173947538799467 0.0948059924280515
"ufb88" 0.634214834403728 0.0887063779557597 0 0.166363491470295 0.0854939659506505
"ufb89" 0.722990746758271 0.0625517571943772 0.271948795380371 0.213249399833425 0.123648967766492
"ufb90" 0.658807193009974 0.0587629829935576 0.198486437047033 0.177257472172455 0.0961284272651106
"ufb91" 0.753847958704833 0.0392272221212248 0.547135620048145 0.1823812645362 0.109033811160261
"ufb92" 0.708210477988063 0.0712725478275324 0.165776419037586 0.177297372789904 0.113088284077777
"ufb93" 0.623168057852829 0.079109588322322 0.0313597848522689 0.16044552105672 0.0846230362622773
"ufb94" 0.667393404850977 0.0364785586766286 0.518593022812498 0.169443014607748 0.0951216091518738
"ufb95" 0.708310094813162 0.0288670927736394 0.708226342708565 0.186177869769935 0.0862257742939546
"ufb96" 0.594712537644521 0.0782208816823181 0 0.145449492298704 0.066800989682029
"ufb97" 0.803347834310573 0.0476584240654415 0.494702773665582 0.219448128889102 0.134345901650754
"ufb98" 0.760489244530989 0.0661608186036638 0.324933267338752 0.224431097691991 0.152145314460743
"ufb99" 0.716830630151555 0.0337335003422272 0.620952667763923 0.204399197651053 0.0939807350533052
"ufb100" 0.683531505873976 0.0546995915722448 0.259382393099399 0.178561250690397 0.112283085488893
"ufb101" 0.668890205532628 0.0572707945692675 0.16678286456551 0.16549304660814 0.0926256262773518
"ufb102" 0.611505196757889 0.0827694406553171 0 0.15222048756453 0.0697898937087549
"ufb103" 0.688870848288042 0.0552858728394589 0.249059789651935 0.180498918676168 0.118539788630768
"ufb104" 0.743258355719013 0.0521788283210571 0.362641690731355 0.193583593900409 0.118919174263983
"ufb105" 0.692339666006504 0.0384375632795612 0.481841865923993 0.178917260683919 0.103509980770223
"ufb106" 0.623389871070029 0.0754089106590568 0.0104524443073455 0.152186108941612 0.0715523336630252
"ufb107" 0.618244533148212 0.0720841217441297 0.0411176847457294 0.155577958708557 0.0681251176235209
"ufb108" 0.65312501913527 0.0801295851302588 0.0844233193868204 0.175054625041314 0.0949134246713554
"ufb109" 0.612256223244015 0.0315658994282803 0.552007955214814 0.144831241898919 0.0845490642289003
"ufb110" 0.700089285714286 0.0340082201833169 0.594429732256405 0.158701871213355 0.0898478634263687
"ufb111" 0.68469926280725 0.0764537877771839 0.16716009285922 0.185913791954588 0.1157198558734
"ufb112" 0.822550665006406 0.0463772764845281 0.67723038244979 0.233409332375486 0.142548971244388
"ufb113" 0.651258004959405 0.0802816316921524 0.114940363605577 0.172738574697167 0.0981166956159456
"ufb114" 0.743396783237421 0.0379970598217487 0.624866543659014 0.181012278397177 0.111565626613464
"ufb115" 0.682127439581702 0.0715500683023986 0.144945016575292 0.168622142019303 0.100822927140844
"ufb116" 0.691515206630896 0.0679320287119693 0.176223924841288 0.16999890871554 0.0961186914634039
"ufb117" 0.713300138596581 0.0524853148475506 0.348436509394784 0.200484551914138 0.125632005461586
"ufb118" 0.74765637627283 0.0558308573235934 0.35893429407781 0.207967746332887 0.1297716541875
"ufb119" 0.757485066663396 0.046353210010532 0.483896208677533 0.180144404122422 0.117183963166402
"ufb120" 0.691501722894463 0.0612424949119069 0.219966944151558 0.177413355544327 0.118297620151136
"ufb121" 0.727650322620866 0.0527874100880217 0.367088290934016 0.181386398972122 0.121142359450025
"ufb122" 0.729124317429949 0.0444095492355917 0.47375360919974 0.204507300858682 0.120790769687742
"ufb123" 0.699163756932015 0.072032128740082 0.147556402844165 0.183660121853476 0.120097977449534
"ufb124" 0.698385482729828 0.0583705736995839 0.271948795380371 0.198799638766401 0.106237326372005
"ufb125" 0.831083064279425 0.0300566893024764 0.789435446685654 0.193505689782773 0.0911044134917079
"ufb126" 0.659348644089789 0.0433978148557037 0.394006742703748 0.163458767668191 0.103366541780656
"ufb127" 0.698866455051716 0.0666458355344189 0.187826006011987 0.182623791353122 0.11707314929005
"ufb128" 0.699498129391368 0.0460420389053749 0.423040294002438 0.214839193945748 0.122795671554599
"ufb129" 0.750061505270529 0.0429937030171516 0.583461846846875 0.210190901974535 0.125114715848739
"ufb130" 0.69417908293052 0.0615876593717359 0.228378699349889 0.184245648419425 0.127394963804149
"ufb131" 0.649051294667569 0.0782379561654321 0.0738704044634678 0.170615157971952 0.0851596624670398
"ufb132" 0.738579067990833 0.0443123158333309 0.486412050368466 0.209796935629248 0.118219008150638
"ufb133" 0.750757780856677 0.0612977407448897 0.36871820274986 0.19010401010007 0.130388477221824
"ufb134" 0.592308190847416 0.0717803454356454 0.0100382644966097 0.145464308230151 0.0677208923147072
"ufb135" 0.708634292699189 0.0341201174637817 0.5894043104154 0.210591200093472 0.101202312844909
"ufb136" 0.654901960784314 0.0312669249879516 0.56381751323014 0.189540320290204 0.0847328994981665
