"quartet" "cluster" "phylo" "mutual" "shared"
"mb49" 0.632007090906196 0.0724346173671227 0.0418451927078817 0.162833076013049 0.0828403561336221
"mb50" 0.786818580192813 0.0494888542665891 0.581503318283055 0.234466729846162 0.13832254053801
"mb51" 0.640557641413649 0.0697651919475334 0.0522993344263734 0.165134560118588 0.0856115363820558
"mb52" 0.936925498958915 0.0403861734845242 0.88410808284453 0.265215285979044 0.132865736797239
"mb53" 0.86275042076117 0.0350088726996179 0.831533748043593 0.229107625464252 0.110472798037942
"mb54" 0.972131315197382 0.0382169879336011 0.979147355705987 0.2567305395593 0.129891173265827
"mb55" 0.823793859649123 0.0344440446056522 0.801951245378426 0.223605503046312 0.108788990242372
"mb56" 0.739770934497101 0.0430203224868661 0.56050716551963 0.202127919745815 0.124536382834146
"mb57" 0.87416660818303 0.030395500564945 0.894695616357166 0.202337224452806 0.100079098124143
"mb58" 0.785160209558157 0.0578920649644077 0.499921903838825 0.225180336857847 0.147558962237689
"mb59" 0.866582491582492 0.0377984876104215 0.749922366986488 0.237506942317993 0.115319225637865
"mb60" 0.864845862628448 0.0388085174868741 0.760503955160519 0.243703092340337 0.11932697376746
"mb61" 0.611355722440491 0.083950371371115 0 0.150003309874516 0.0625711776652327
"mb62" 0.856499686556106 0.0347164357731101 0.770723645108953 0.219736375171176 0.105631820856999
"mb63" 0.692546528698617 0.071835948754243 0.198264785215568 0.181638206958404 0.116777057106517
"mb64" 0.866157356880643 0.0396974499847146 0.776577064416208 0.254075664917575 0.126577685310753
"mb65" 0.701734154236888 0.0741693581670729 0.125050924843319 0.184920249289096 0.0937056198291243
"mb66" 0.673060024094678 0.0791233434116874 0.124124196804668 0.170336687793304 0.0899291432552561
"mb67" 0.739606662131485 0.0569580368747775 0.455918967302811 0.19192059076355 0.128872447087503
"mb68" 0.768044998076438 0.0723829828087178 0.362512142661346 0.216014834329858 0.15223336531256
"mb69" 0.6977374780364 0.0690107232228332 0.244790437833408 0.188775895367213 0.126295579102828
"mb70" 0.607458222659109 0.0787475711896797 0.0101422879595837 0.148343418168205 0.0549462525497079
"mb71" 0.856019413112839 0.0405735512354697 0.8211550130045 0.265548996022678 0.131354544482678
"mb72" 0.785911509192538 0.0320634180347395 0.760348689133494 0.20447866647458 0.0956571011930247
"mb73" 0.743714629023234 0.0680247865137415 0.28167125166391 0.205035712237456 0.12262959519837
"mb74" 0.833009930373245 0.0348073756069631 0.768332272999536 0.225196887825077 0.107817320915492
"mb75" 0.811543731445535 0.0350036376587525 0.795641995655037 0.230805862245975 0.112786886337104
"mb76" 0.78435750833592 0.0573355644052362 0.501377162229244 0.222517546871509 0.149855053118862
"mb77" 0.748501028113283 0.073720576765788 0.280577879721537 0.203523962116956 0.125765309597219
"mb78" 0.901628507902169 0.0335600603884742 0.87493550040747 0.219035631996805 0.107991372725584
"mb79" 0.726354805725971 0.0312972994625905 0.705315000529351 0.199477041065305 0.0946153632855542
"mb80" 0.748543757456664 0.0544479242146113 0.423709967916395 0.20735653192045 0.136923369977579
"mb81" 0.738441614624352 0.0772034650192157 0.238844915198197 0.198942487492106 0.117341272074443
"mb82" 0.71789622063802 0.0781801099127075 0.220289446252103 0.190120309817059 0.110568495733152
"mb83" 0.746428409451676 0.0619117316832059 0.365407124918557 0.208131074119834 0.130273019779644
"mb84" 0.747716445176774 0.0501796097471471 0.51450865042522 0.19450824293118 0.123491876291498
"mb85" 0.615778249127809 0.0726573775215986 0.020933771667062 0.151885776632112 0.0807159065979728
"mb86" 0.663747275468246 0.0700973877383572 0.104139851504579 0.166448139190015 0.0750466000411281
"mb87" 0.807497768521273 0.0324575807671953 0.781305233282985 0.209103668096911 0.10095574970642
"mb88" 0.77663734115347 0.0338318983684767 0.715812630854322 0.209506254051604 0.0998216566267991
"mb89" 0.766251263051532 0.0425745143008886 0.609259038706943 0.203028777251245 0.116355915657797
"mb90" 0.708842631379204 0.0561952762574295 0.386083268804848 0.185286707570864 0.129164927465758
"mb91" 0.706136161308978 0.0582163911700172 0.29218195715673 0.19059283241874 0.121575218315187
"mb92" 0.623432458067806 0.0721747727070249 0.02134689807668 0.155035072865203 0.0740656714107801
"mb93" 0.637067371936824 0.0753757231986792 0.0826224751236562 0.152861009870218 0.074609531400871
"mb94" 0.593436326258626 0.0790788036760971 0 0.13981876090406 0.0543270085404719
"mb95" 0.744585881963961 0.0256017866976634 0.638800831262285 0.164501101491219 0.0759980785128221
"mb96" 0.694423005603055 0.0622198057328373 0.261081727968586 0.179579567959117 0.112159175691266
"mb97" 0.590814295371536 0.0724126387454202 0.0104659174625096 0.142924081701607 0.0662589522398432
"mb98" 0.778882887630088 0.0296723001164778 0.791680189258444 0.188161047859994 0.0921430144128802
"mb99" 0.775794720568656 0.0528172416887868 0.530955118989882 0.204449254430263 0.143198792188229
"mb100" 0.817950805026702 0.0501966737031699 0.619218514961914 0.237849336508816 0.142219121723099
"ufb1" 0.711169358848684 0.0576823218283198 0.292745430394554 0.189516145811471 0.11038603827106
"ufb2" 0.638006339381536 0.0350613312682514 0.497589173003805 0.158317517843953 0.0891307619170019
"ufb3" 0.721963579433092 0.0523287406936689 0.365491776903905 0.198536646815145 0.120588817227771
"ufb4" 0.56921489001692 0.068983774632709 0.0203943753835584 0.131360084988856 0.0641772173716374
"ufb5" 0.630106933425319 0.0388167745979738 0.434349393875574 0.146631879914505 0.0901491816718515
"ufb6" 0.710468337123386 0.0572089321236202 0.324085233039304 0.187644272795238 0.110025524295375
"ufb7" 0.71025010229889 0.0627462456792432 0.323296191264203 0.186929597908731 0.129279270807609
"ufb8" 0.628703283432498 0.069127455741265 0.0422662050947858 0.159929067986442 0.0811647339424611
"ufb9" 0.659689781318006 0.0729969971556914 0.145337588444896 0.163316619127226 0.082871062267499
"ufb10" 0.687656330169318 0.0773083754449962 0.134549904358026 0.176701666571634 0.0806761621011511
"ufb11" 0.572663605675848 0.0706320343177724 0.0101061691772121 0.126331805762417 0.0403244958964621
"ufb12" 0.559377486864087 0.0652498322581482 0.0104674025210904 0.123675541000478 0.0560459255683227
"ufb13" 0.704969313007325 0.0513700334475595 0.362805304792154 0.196015433003027 0.112889743859395
"ufb14" 0.704010184595799 0.0272893232460451 0.7263331737614 0.171794215537333 0.0812118000076271
"ufb15" 0.815996069453591 0.0558605823801224 0.562308538467769 0.214586670781517 0.144432511454604
"ufb16" 0.74710428798306 0.0441073128354373 0.5392547492095 0.201897816726467 0.123226786989537
"ufb17" 0.582250860800512 0.0758962027980336 0 0.133655103721763 0.0572434232978548
"ufb18" 0.756459135685394 0.0458414414570115 0.516392583134408 0.213090244486579 0.12733162588054
"ufb19" 0.7438760667808 0.0608043681027679 0.361933462656587 0.202234045561822 0.136162904194375
"ufb20" 0.613204836321036 0.0603632942057949 0.0942241867640864 0.158463788213703 0.0920734327536168
"ufb21" 0.773436862296955 0.0562736374319368 0.507601672139441 0.215717059735586 0.142632251963494
"ufb22" 0.681536593717897 0.0667167808592792 0.156416898235045 0.176284078122347 0.0967570319554451
"ufb23" 0.728494176372712 0.0412787506909824 0.544187750162781 0.192392827254584 0.113594639901592
"ufb24" 0.702792676160533 0.0680924069510076 0.156332363023076 0.184691484118297 0.0912649231931635
"ufb25" 0.583632998783313 0.0775020742070149 0 0.137489788184216 0.0584593020073458
"ufb26" 0.555108129869468 0.0674357996321857 0.0104652066271838 0.124899750438275 0.0558276956746581
"ufb27" 0.727833317761375 0.0443807595162001 0.484829546145968 0.20469940904766 0.120680499714164
"ufb28" 0.713654120366855 0.0725045352040907 0.230782883564302 0.186217631637885 0.100603193040089
"ufb29" 0.598973942674829 0.0742134692684971 0.0101700664862411 0.144348310933472 0.0589708533510888
"ufb30" 0.604232840614686 0.0771355269344002 0.010367916781788 0.147511101859234 0.0558829956377841
"ufb31" 0.729606238450135 0.0428376618279981 0.468477865624939 0.192057073613606 0.110754420474195
"ufb32" 0.701211058554885 0.0694618359456449 0.177222036077541 0.188008188317731 0.112216454175421
"ufb33" 0.588512996710663 0.0703301780276285 0.0106755793477669 0.140750282593317 0.0599584607427578
"ufb34" 0.641071419194598 0.0568523515672003 0.207593515296793 0.164268173913914 0.0937259078214795
"ufb35" 0.673649730345785 0.0754189508371823 0.12530494208857 0.166436199583466 0.0834237394221717
"ufb36" 0.645477228041531 0.0667843049329579 0.0729068326126782 0.159422595866071 0.0586085393078579
"ufb37" 0.61224991653055 0.0646156277343826 0.0728933465546671 0.146923452508739 0.0557647238530869
"ufb38" 0.584774593955958 0.0656784506819333 0.0418369696912444 0.137042490890148 0.0577962613729034
"ufb39" 0.575640873949192 0.0669374634819384 0.0422674208181707 0.135188188590845 0.0592073099689204
"ufb40" 0.670119877925953 0.0704404746822002 0.135492270636725 0.167485285484831 0.0880796441907398
"ufb41" 0.749693656329532 0.0385716141542163 0.652517779733317 0.18538404270855 0.117628978047515
"ufb42" 0.65376940582848 0.0605388648452369 0.156518877818994 0.160944204523209 0.0999540583291213
"ufb43" 0.632266247668624 0.0606957909933105 0.0937217952803782 0.153200177664159 0.0837532932992106
"ufb44" 0.688839993189528 0.0564417529586806 0.27075108543445 0.179063589136428 0.116128242747477
"ufb45" 0.616554964063677 0.0610115818035721 0.0850763260061889 0.145864115740767 0.0787022812005551
"ufb46" 0.627032189828284 0.0640646667647759 0.0730648301006008 0.155563978044738 0.0866536006042745
"ufb47" 0.82320604899008 0.0437147580085957 0.687521395349399 0.213662225444702 0.125706361109685
"ufb48" 0.771673894948964 0.0413127400934915 0.614468697671066 0.193088894444434 0.121003478476174
"ufb49" 0.752316493433245 0.0445233108522059 0.510427819121778 0.199996974060608 0.118965717007118
"ufb50" 0.759170838890929 0.0623056718821077 0.365262014397431 0.211228705187537 0.134456498907493
"ufb51" 0.631140231345678 0.0722828370453314 0.0824438661082144 0.153288279497698 0.0714865470244039
"ufb52" 0.585705644454315 0.0682980460793848 0.0209240213919102 0.139956896001911 0.0566449667493033
"ufb53" 0.599539733500014 0.0803611380460651 0 0.144123247821699 0.050314208287678
"ufb54" 0.690573594005684 0.0555011115539006 0.274659714268608 0.183444129850421 0.0996246192536069
"ufb55" 0.598110800886902 0.0744457749270446 0.010367916781788 0.142491794730685 0.047001438391602
"ufb56" 0.599519056192215 0.0714307726626769 0.0511414815487498 0.139076332505387 0.0657691921346628
"ufb57" 0.739682397272564 0.0726636777089524 0.270036245365016 0.199400977360462 0.121647774498729
"ufb58" 0.633003960070345 0.042152442709057 0.435675431487996 0.158982666223351 0.105086330815808
"ufb59" 0.590860332793952 0.0752321247344592 0.0102292347322911 0.140385394977361 0.0500410030913706
"ufb60" 0.639617368873603 0.0383818127867072 0.385173968984961 0.17009194551324 0.0955131081953688
"ufb61" 0.623465622411326 0.0270228091469549 0.648745603696206 0.168224178671802 0.0768377641304316
"ufb62" 0.631391259437791 0.0360026708243473 0.505117283307533 0.165791762583793 0.0930119745750307
"ufb63" 0.610261864604147 0.0705330303717782 0.0737749802628233 0.145560814477472 0.0713670587429667
"ufb64" 0.726068106413727 0.0441760607750665 0.489690837212468 0.198407931361697 0.118786978270215
"ufb65" 0.593055319992301 0.0766219985315491 0 0.139263064131915 0.0514258902956988
"ufb66" 0.605945309618249 0.0807396739129885 0 0.145742776339757 0.0553340604042832
"ufb67" 0.657213687150838 0.0526123430096451 0.302552490913875 0.172187561328334 0.112932303048509
"ufb68" 0.721031312579647 0.0405925398244908 0.550532745036299 0.18957542415895 0.106039790663279
"ufb69" 0.648754418448073 0.0520151421584975 0.282427144056432 0.168182913175063 0.105939734842315
"ufb70" 0.709652304819779 0.0694200591595909 0.156416898235045 0.188470327044311 0.0970193135675455
"ufb71" 0.63208647435794 0.0696710573728016 0.0422662050947858 0.161564444390721 0.0783426570569959
"ufb72" 0.587399148854455 0.067743542546706 0.0415454678344225 0.138643912515427 0.0642234723578812
"ufb73" 0.595208906519931 0.0706964831405084 0.0206338827590693 0.141127085796694 0.0623170784362289
"ufb74" 0.598940505596153 0.0660312794506963 0.0209357824605902 0.144783304800927 0.0722183460572764
"ufb75" 0.66393526880773 0.0532813372509496 0.221828904112117 0.171230854817244 0.0879053389841166
"ufb76" 0.659215932038159 0.0305043329195907 0.603953856928398 0.180514576842685 0.0843133574698466
"ufb77" 0.687701377939261 0.0469717602675862 0.40724733161749 0.176758389909261 0.113553003980301
"ufb78" 0.737116686579052 0.044273870764172 0.526312706783157 0.205165660888323 0.123695738587241
"ufb79" 0.617511520737327 0.0331083611527347 0.544008971121528 0.154376323389669 0.0889375126584751
"ufb80" 0.613721618953603 0.0383823323567345 0.490692609184266 0.147356261874988 0.0981674923511972
"ufb81" 0.587093293492696 0.0775189704766176 0 0.137371028889029 0.0507703531390247
"ufb82" 0.675237763094643 0.0602584289509969 0.187371321527333 0.169104832482478 0.100757203953842
"ufb83" 0.663979843525828 0.0626036815177086 0.13678312910653 0.164772181907762 0.0842382085421987
"ufb84" 0.59614506720771 0.0651644052297321 0.0520245578136021 0.142630509386083 0.0645460614187851
"ufb85" 0.686547659022225 0.0628084833022397 0.208621601566203 0.181783717148594 0.112058233777828
"ufb86" 0.604561918660876 0.0539465548002588 0.258125769669461 0.141857818142747 0.0868499819241546
"ufb87" 0.784291572516529 0.0426527591991274 0.562328237720941 0.192984451355394 0.116354692304507
"ufb88" 0.715953239664128 0.0690933673042587 0.271588671771636 0.189391454030838 0.104577786134892
"ufb89" 0.774368721151235 0.0286631808117546 0.781252699599054 0.183326366668135 0.088175406507637
"ufb90" 0.5934615727047 0.0621269242965721 0.0628097629573074 0.148705062525259 0.0811035872127233
"ufb91" 0.608408061979476 0.0660231977314645 0.0523213125572046 0.151533416502566 0.079166182629937
"ufb92" 0.745124284322726 0.0583401410934785 0.406055067264317 0.195288942939746 0.13361374478044
"ufb93" 0.673735395421085 0.0276624238112753 0.715746820001025 0.176083235177672 0.0833896102475013
"ufb94" 0.66200131056547 0.0614504687697763 0.166802162709786 0.161889331739686 0.0881339972628512
"ufb95" 0.655435314466482 0.0451339730780134 0.312142451675297 0.162023680022973 0.0983289028265494
"ufb96" 0.630229007633588 0.0371092546089078 0.426885245472073 0.165466057323724 0.0858151031338805
"ufb97" 0.581630650851983 0.0773888356852054 0 0.137550238737938 0.0617647182183805
"ufb98" 0.571489917063108 0.0747013491491011 0 0.131428112694283 0.0560055558379393
"ufb99" 0.743438221419251 0.0489014396030553 0.511506114738582 0.189218112105892 0.119516637247326
"ufb100" 0.66797205093413 0.0574678913401592 0.189617121849421 0.166911545832875 0.0989166841273348
"ufb101" 0.648564354692982 0.0679075485074291 0.0851112565166421 0.165200414356283 0.0652794665682715
"ufb102" 0.747076493938419 0.0338525845394219 0.684138753751818 0.208598838211277 0.100248630305674
"ufb103" 0.729169388910667 0.0430265389676406 0.528670472760912 0.19883301905609 0.120845243872506
"ufb104" 0.698149460751612 0.0688561770143566 0.147239437280035 0.179170013163214 0.099871252337693
"ufb105" 0.682177474893871 0.0506178144347982 0.322903722785182 0.18480024321149 0.119927107549158
"ufb106" 0.590830001055923 0.0784477219103531 0 0.140489040568247 0.0502569193638937
"ufb107" 0.656577243090163 0.054459729840687 0.251006821217173 0.159789314540366 0.0938278495296614
"ufb108" 0.595990340938614 0.0798832153383518 0 0.142940175261128 0.059071880588012
"ufb109" 0.582467233222923 0.0762136024930293 0 0.134773198709519 0.053561653742003
"ufb110" 0.60525779269669 0.068475884715317 0.0211483965222714 0.148162660580984 0.0740781109821299
"ufb111" 0.612142399921217 0.0345753129375325 0.489333503868495 0.156629306934397 0.0884063333071611
"ufb112" 0.709751302494805 0.0724991717495979 0.251817569758182 0.185855022760092 0.106708185500403
"ufb113" 0.592957630666188 0.0776742328723302 0 0.139761345446317 0.0512236570951742
"ufb114" 0.68593686599012 0.0759306672649533 0.155464189750574 0.172627417947392 0.0862772421987673
"ufb115" 0.746731288615931 0.0563313140176566 0.44637392060366 0.190849585504557 0.134774825972619
"ufb116" 0.682577672400295 0.0469454825490921 0.386398477970953 0.175362159052238 0.110140618775304
"ufb117" 0.58900184973884 0.0631730763918732 0.0418457195323494 0.136839212304848 0.051990864835072
"ufb118" 0.685326547921968 0.0415690294530307 0.406148263562763 0.185814507702175 0.105884125432628
"ufb119" 0.659160172379771 0.0692853898803396 0.134396762391464 0.159622363370497 0.0791764757057828
"ufb120" 0.661837391738086 0.0508827222742231 0.276933966684198 0.166040555015547 0.0833893487223669
"ufb121" 0.711411576247073 0.048136927658127 0.407321524168516 0.181813605014439 0.114565258924608
"ufb122" 0.578769398064077 0.0691498599042834 0.0418415536938228 0.134398385662814 0.0599453366731594
"ufb123" 0.540413499645569 0.0616773673355447 0 0.113522592106097 0.0396826626964755
