"quartet" "cluster" "phylo" "mutual" "shared"
"mb49" 0.868893774465119 0.0393094214675083 0.747288101409948 0.240987102955346 0.115320692856163
"mb50" 0.674922035118445 0.0717649727654477 0.14435237192438 0.182394528271752 0.112588479519269
"mb51" 0.800226743839131 0.0342181903771921 0.731113814015432 0.218376639810342 0.102973181810809
"mb52" 0.914183209758431 0.0404153504725038 0.854127069967961 0.259044006138531 0.128981368346378
"mb53" 0.676327052415096 0.0683369944128169 0.146043662721169 0.174401441315732 0.105686137800795
"mb54" 0.638693745705951 0.0746182826930845 0.0832143328686316 0.160726707979194 0.0789835946330787
"mb55" 0.909132161089053 0.0356391276084755 0.885458938817988 0.230590804106466 0.111437023479808
"mb56" 0.637679494543366 0.0704657617555943 0.0835175798791049 0.155510819944696 0.0766668341036687
"mb57" 0.701868691915659 0.0744558685990759 0.187369575874626 0.186471604214052 0.121395523156987
"mb58" 0.855052878965922 0.0342820184347927 0.83157730819204 0.221061956182507 0.108062631820988
"mb59" 0.708871447258889 0.0473556766805274 0.4369760275862 0.175304505732975 0.115976987869492
"mb60" 0.999216377705946 0.0441315072923722 0.979146333226791 0.285181005360887 0.144997295194142
"mb61" 0.713033035754747 0.0550408135320423 0.385527536082345 0.182197465943313 0.116181968003556
"mb62" 0.78612865136814 0.0345472367536609 0.726371521470648 0.216305583120233 0.103647157207738
"mb63" 0.716768266506396 0.0670165230181957 0.227163071628486 0.200118874171746 0.125739492358103
"mb64" 0.789982803095443 0.0360404591592503 0.718629604632314 0.222676655432676 0.108513717155329
"mb65" 0.745879310344828 0.0454770094675238 0.541505977119097 0.213275848327744 0.125391315880109
"mb66" 0.73735831598427 0.050711204780696 0.456382744868708 0.191130879263967 0.12009679678862
"mb67" 0.865601242994284 0.0365556378981112 0.797954374598754 0.235436863079012 0.114125412400738
"mb68" 0.848998459167951 0.0313376268304775 0.833222034504539 0.200212250844764 0.0959777629645182
"mb69" 0.839512219011705 0.0374422698139106 0.760336938178732 0.236618966168789 0.113354020684874
"mb70" 0.802012562491988 0.0313948407486601 0.744558078831796 0.197013883542794 0.091926844378359
"mb71" 0.841421143847487 0.0379827526894029 0.779052275709455 0.239264649041618 0.117358594526316
"mb72" 0.576320607027939 0.0732564283094729 0.0104591345247873 0.141857153206399 0.0580592277319491
"mb73" 0.812378335050956 0.0330139209974786 0.78938079754892 0.207423290577654 0.101335848340774
"mb74" 0.69081086751285 0.0511738965673849 0.323549867169049 0.183786986467857 0.119804764070946
"mb75" 0.648790346691541 0.0679951449097712 0.125346548889232 0.162952055945486 0.0924907341202956
"mb76" 0.577412178981879 0.0770898675824837 0.0104624875506352 0.140095379753971 0.0653830098891878
"mb77" 0.70049525124532 0.0659888286379415 0.239667751505146 0.186441032450237 0.120362568412273
"mb78" 0.731492270643983 0.0533329947687792 0.384805156646973 0.199127018299725 0.12563594210438
"mb79" 0.704386128171723 0.0302134023616038 0.705195405270977 0.189044986108261 0.0891945802836519
"mb80" 0.706578001567653 0.0703747518706384 0.218682877787535 0.18658244149482 0.12082161480133
"mb81" 0.760664479081214 0.0305362937943062 0.7262677069665 0.188405390871001 0.0857809822583344
"mb82" 0.673085821230516 0.0649964603417497 0.198129692136007 0.17758459774985 0.117989053098069
"mb83" 0.712333558170327 0.0597575857903218 0.262276815075005 0.191072242355851 0.118215108824712
"mb84" 0.613258277234165 0.0677260002408274 0.0521479947503064 0.14565051820778 0.0645460320201518
"mb85" 0.572136086167729 0.076369249202668 0.0104628999087272 0.137439536007337 0.0623575163950049
"mb86" 0.755020255259834 0.0426702714263711 0.571462466229733 0.197054725608171 0.11482353731559
"mb87" 0.650825978728219 0.067318579431744 0.125136688564225 0.163192580376245 0.0890689309207234
"mb88" 0.677555020507919 0.0731862540888191 0.135291120308881 0.171352101150193 0.0947626074520706
"mb89" 0.764835632606466 0.0441044896396855 0.568494889711428 0.209746890247388 0.117188976055639
"mb90" 0.642123067198858 0.0633387229391504 0.158405428834482 0.159945613515949 0.0954206574240437
"mb91" 0.624656150275485 0.0728638724342168 0.0422576339628944 0.153357779541443 0.0711706016801781
"mb92" 0.656101395294225 0.051874397197727 0.292057038262681 0.1707272525822 0.108344955856633
"mb93" 0.666598438329164 0.048759822585346 0.359193494542998 0.158577843500616 0.0972392202716223
"mb94" 0.595458505073432 0.0657426935350817 0.0317455883117029 0.139429371657411 0.0640448642507932
"mb95" 0.794106008310067 0.0531300066621256 0.540290903037488 0.202994002329378 0.136453258672491
"mb96" 0.722837632776935 0.048222125686833 0.503892443562364 0.19021317785628 0.123057428410291
"mb97" 0.642957328090452 0.0730135867255666 0.0832547345065089 0.162854638509693 0.0777821968670822
"mb98" 0.661730213704011 0.0534799177537643 0.306599709352168 0.15784236519748 0.0969521929851649
"mb99" 0.652799855257887 0.0533098098454331 0.291705893657597 0.172936158056487 0.112534811267858
"mb100" 0.703295382530976 0.0479603351285075 0.411628073636683 0.181190272087762 0.110021082822762
"mb101" 0.71233434440079 0.0425396812318982 0.478550019421581 0.191939551821588 0.106484594127938
"mb102" 0.632994365567619 0.0630494950304022 0.126650959880305 0.15448078906178 0.0907785694082375
"mb103" 0.686087125254681 0.0382421023040404 0.495425835007139 0.17506701232169 0.0914897652635971
"mb104" 0.698026669053159 0.0400762465845399 0.487028046027392 0.182183292187063 0.101532031362872
"mb105" 0.653690443820055 0.0500054761062183 0.306211025177278 0.158874334048177 0.0996978589667196
"mb106" 0.644499774272542 0.0686601366175503 0.0627195838881428 0.162762080937648 0.0816265596330876
"mb107" 0.561903343948477 0.0736715292767463 0.0105714749141447 0.132008164852901 0.0525944319242037
