"quartet" "cluster" "phylo" "mutual" "shared"
"mb49" 0.650231425926561 0.0751979856243788 0.0404900154057887 0.161781621695527 0.0887815680994004
"mb50" 0.780470773735781 0.0631526297784674 0.331320966328326 0.231254814162219 0.144163652374347
"mb51" 0.858690251416079 0.0444700408289227 0.705183409481307 0.281581165886923 0.136438886181801
"mb52" 0.820326166694882 0.0345759596737867 0.747366782386602 0.2220331004208 0.104730316204929
"mb53" 0.858100300439103 0.0393741914333938 0.749884456059067 0.251877099249559 0.120924654554157
"mb54" 0.870961566074762 0.0368608911288431 0.833273421660257 0.242916209187732 0.119165628145568
"mb55" 0.792216773544574 0.0326440280769332 0.760410782484489 0.212019055358724 0.0993461461996064
"mb56" 0.864595268585294 0.0298016671380309 0.864492930898066 0.198636075942448 0.0953038432470716
"mb57" 0.765959918675574 0.037963257429031 0.641184967263034 0.239150118019639 0.112948494246656
"mb58" 0.631170696961283 0.0642402117054432 0.104399619136143 0.162045998960241 0.0920108883247136
"mb59" 0.693465430656491 0.0744656403100838 0.134381206108222 0.185627365489011 0.106632018565902
"mb60" 0.710403236000506 0.0651616198445807 0.196985970921094 0.19639599182338 0.112527933524611
"mb61" 0.952899617309391 0.030740433976795 0.926269906824861 0.208517256429901 0.101356771135626
"mb62" 0.988844855423455 0.0393896167782285 0.97920411146234 0.268366075850375 0.135198693455924
"mb63" 0.674545513404522 0.0742945729067217 0.0923434715746354 0.178984197157605 0.102951179744025
"mb64" 0.825341543543436 0.0465295075888419 0.676893663580231 0.227833703482352 0.139200780413048
"mb65" 0.848225507211682 0.0315295402852806 0.822798448097471 0.208252669107839 0.100604035578063
"mb66" 0.716521080567625 0.0559597510942904 0.384074451023421 0.192297717779993 0.122412521628499
"mb67" 0.766841766620891 0.0599481916566074 0.395710763936863 0.231801842144211 0.157836603515896
"mb68" 0.576590208807536 0.0768050637954163 0 0.1396088668639 0.0770278018065246
"mb69" 0.882737348389795 0.0415781409064303 0.781258023884787 0.266722300043785 0.131751908657172
"mb70" 0.753224458449098 0.0550839169087061 0.384011197560518 0.204882759820503 0.138812328656771
"mb71" 0.785135835959628 0.0483484552064945 0.552034525807291 0.229925737564486 0.135257767407477
"mb72" 0.740505045383094 0.0638123851598257 0.244658046475949 0.213767538266247 0.132253011774746
"mb73" 0.619568599589436 0.079586115630531 0.0311728423327042 0.146263032697542 0.0814469295689333
"mb74" 0.788033298647242 0.0377525132813463 0.718767652546532 0.244140087376855 0.117295709455769
"mb75" 0.711029140983923 0.0701354203692378 0.229074406007789 0.177926275052446 0.114207899838721
"mb76" 0.714010707590019 0.0664927438681372 0.291649083391464 0.178400528332607 0.125857603761801
"mb77" 0.833017175083312 0.0388155650128058 0.708344031846383 0.246452298659217 0.117872754547069
"mb78" 0.672645592199947 0.0752069649986144 0.0938203182365734 0.175743360288935 0.0997466736732761
"mb79" 0.870717517776341 0.038693241248704 0.770834403184638 0.250126971276248 0.120151774964109
"mb80" 0.866092251878725 0.0294858272211604 0.864492930898066 0.194754282332887 0.0951434531638281
"mb81" 0.696113934451173 0.0712242342632498 0.165530016589709 0.188328565273658 0.116243653534455
"mb82" 0.71075322596779 0.0690992019718305 0.217500854236601 0.200395799524722 0.127523518731343
"mb83" 0.613594226764179 0.0705283059772095 0.0514194758059797 0.150068385712358 0.095063339085363
"mb84" 0.713710422520852 0.0562348201154852 0.311164493934965 0.187025890545572 0.127331127537024
"mb85" 0.740616802962506 0.0512380420021412 0.441992060116515 0.201586828888183 0.128366200373824
"mb86" 0.769844085519559 0.0457317490303491 0.494792988575883 0.21191540268125 0.124940369187704
"mb87" 0.722599418040737 0.0310794713601712 0.656277281208276 0.195038657754784 0.0909663331579667
"mb88" 0.600282270633464 0.0689691360584374 0.0420897302997709 0.14310926560228 0.0865750031934313
"mb89" 0.707778359910565 0.0557645778797653 0.37499095154916 0.184929271157269 0.118039350998681
"mb90" 0.690031784760959 0.0693950769090411 0.187349311945929 0.1676671108192 0.0964804972020183
"mb91" 0.567518890364947 0.0747955605005733 0 0.133600473934106 0.0685094189485024
"mb92" 0.725213165650521 0.045972208065274 0.431706221543771 0.20792393061475 0.121447254591509
"mb93" 0.612903042391519 0.0769362032918016 0.0311805008745602 0.14119342644541 0.0759992309095454
"mb94" 0.587456960930744 0.0674049555566213 0.0313400439945017 0.137543899194553 0.0797140689585036
"mb95" 0.784537996287203 0.0336052122285086 0.718716299683894 0.214712918632645 0.101834831000908
"mb96" 0.621415424013658 0.0696894571548272 0.0104635436870532 0.146857522269469 0.0630978260806996
"mb97" 0.73220359450158 0.0509026317444432 0.404633810098261 0.195533651466487 0.125051148594376
"mb98" 0.696935628222102 0.054614486491729 0.343639156477204 0.175644222072144 0.117242558560868
"mb99" 0.753826094391245 0.0452812556726089 0.457395781224741 0.203699687943777 0.115965042876441
"mb100" 0.791762537495031 0.0471085669438363 0.604024816690977 0.189633059490215 0.126830977757086
"mb101" 0.60410497241804 0.0619039805160322 0.0730288809326565 0.14758814259365 0.0794452432182307
"mb102" 0.701675086413188 0.0229951278062154 0.674103709029839 0.151335786248664 0.0699080099307339
"mb103" 0.57969009664751 0.0686853360154639 0.0313455276302534 0.134187805441607 0.0799600658227605
"mb104" 0.72327657807309 0.0392293608893395 0.505326874676002 0.18244790998483 0.112066605789401
"mb105" 0.595091607218582 0.0671629490775245 0.010464622583225 0.133748385070861 0.062506526362459
"mb106" 0.785439838220425 0.0292040199436688 0.768380632202854 0.191789361238632 0.0904743296714019
"mb107" 0.583820136139427 0.0655541276966792 0.0104612405457342 0.128884447719715 0.0603186210428407
"mb108" 0.563522142178881 0.0743441793339183 0.0102004189615265 0.132037988304385 0.0677810699098088
"ufb1" 0.643626981168912 0.0717865016617823 0.0631156321829778 0.160291480171603 0.0890962015864429
"ufb2" 0.561168642255774 0.0728254144654986 0 0.131408060738727 0.0658201154871904
"ufb3" 0.558744110743237 0.0730044895818169 0.0103055397849578 0.130736951149527 0.0669755686347379
"ufb4" 0.745979680696662 0.0344845049958019 0.651054909737348 0.167009886859657 0.0944119229075133
"ufb5" 0.601664981966046 0.0677016094828798 0.0205809513419551 0.138735985558519 0.0642935600155142
"ufb6" 0.663692617642826 0.0341788789523115 0.521722824796902 0.201827412103093 0.0949568938497309
"ufb7" 0.673991319410654 0.07109075185844 0.114428298053452 0.161538745164492 0.0906801388086473
"ufb8" 0.667711651518751 0.0722893035374965 0.103987208287593 0.158602509537611 0.0882938032693901
"ufb9" 0.793174342105263 0.0347541523737271 0.717455754297432 0.172293178264881 0.0979881583717649
"ufb10" 0.708507178077637 0.0604041362086577 0.322932190348576 0.177141597180466 0.11877836979182
"ufb11" 0.772616890876152 0.04895798662243 0.468518318705494 0.222606379567055 0.133563721711659
"ufb12" 0.747893089333012 0.0303889248926301 0.694806212300507 0.19471147463826 0.0927181086654613
"ufb13" 0.767938570076572 0.0513571104966172 0.403319119852917 0.227099275622733 0.130318566423843
"ufb14" 0.648201748637972 0.0613166997760989 0.114895047049521 0.166982927182671 0.0914585257959268
"ufb15" 0.667009654424356 0.0653079195427731 0.13374554378836 0.172655950865361 0.11285443542762
"ufb16" 0.672902611409427 0.0697567955602973 0.113066131855955 0.174997030088107 0.110159283753574
"ufb17" 0.591410375351391 0.067300733936841 0.0420897302997709 0.140495838323309 0.0824664193184126
"ufb18" 0.660645887863768 0.0700774149984194 0.114781583574154 0.170386751025555 0.094505881280996
"ufb19" 0.559312177004719 0.0737241373903694 0.0102893301111943 0.130971230940589 0.0717182543047397
"ufb20" 0.688113716010687 0.0693525975624941 0.165530016589709 0.184777285464777 0.102326958273785
"ufb21" 0.530309006328549 0.0609371817319094 0.0104457977022312 0.116356578328511 0.0532943314186371
"ufb22" 0.681472630793553 0.0575960095915882 0.281144602370195 0.169471465383549 0.105850480169894
"ufb23" 0.801305564190239 0.0354829287872596 0.708292678983746 0.226542449756672 0.109441607210366
"ufb24" 0.58798115988926 0.0661597771447869 0.0203682011438183 0.134383170318349 0.0549399662249312
"ufb25" 0.593948480045278 0.0688426376122461 0.0416818556801756 0.139683662509192 0.0778874254200921
"ufb26" 0.615756063581517 0.0683966763237954 0.0624790755100924 0.149030752965402 0.0775529416739792
"ufb27" 0.771340959585759 0.0486022851055387 0.520760430952662 0.229477271419326 0.142959141778694
"ufb28" 0.687874353132874 0.0590705593244862 0.23789189334217 0.191079150025537 0.108289678282058
"ufb29" 0.654096284690176 0.0618972186728298 0.123255731406318 0.164494044279373 0.0933795349608118
"ufb30" 0.714373700823774 0.023584310238442 0.791630291722299 0.155020139559676 0.0729970566057225
"ufb31" 0.723005554538241 0.0332287354411858 0.645750954782853 0.207607721119997 0.0972498898282345
"ufb32" 0.597772190494925 0.0721068444190651 0.0416300458151202 0.134694214800544 0.0729019484555977
"ufb33" 0.568584300574459 0.0687656863682631 0.0208783715313791 0.131468140222639 0.0698372079276958
"ufb34" 0.601994067390938 0.0717619221636317 0.0311959239523994 0.1377688726466 0.0744838500780867
"ufb35" 0.643292605157769 0.0336060491986024 0.520760430952662 0.154667511335637 0.0861833126876029
"ufb36" 0.547234595212894 0.0707689417801323 0.0101454157168233 0.127500647744852 0.0683322127154254
"ufb37" 0.585910082519207 0.0320615512117171 0.455853950891165 0.150294822271614 0.0754396734591026
"ufb38" 0.577350237331032 0.0658412858987965 0.0105675209894867 0.127465663928137 0.0657141101282499
"ufb39" 0.571661883335658 0.0751197189407603 0 0.135364139857886 0.0703694881070362
"ufb40" 0.73613654346106 0.0364124555415782 0.614404784282368 0.177231187439727 0.100660261061081
"ufb41" 0.672640456405804 0.0299472276233181 0.578944637311004 0.184332115513111 0.0835239864265448
"ufb42" 0.527798479207184 0.0602667667171138 0.0104466813315006 0.117476131217557 0.0567748810080862
"ufb43" 0.659544753891265 0.0681605178625786 0.102586801175033 0.169979807419237 0.101999116860736
"ufb44" 0.667496592275153 0.0610605115494216 0.166267238149109 0.175648048199669 0.115367553683617
"ufb45" 0.546057132238076 0.0647191719940219 0.0208989235895201 0.122041074527317 0.0674978834177963
"ufb46" 0.543863342654972 0.0626309007067901 0.0312079333551825 0.123398315860696 0.0686522583283155
"ufb47" 0.63035960165231 0.0559671967441048 0.166431254151276 0.156889733525607 0.0971927759338396
"ufb48" 0.726978726586159 0.0464477572282055 0.437362844673653 0.2145509078291 0.133408930677694
"ufb49" 0.5593487845465 0.0403480739855055 0.343101095631309 0.131712084840949 0.0872218020404604
"ufb50" 0.711049430589004 0.0495658493377944 0.362816512922662 0.187465723640312 0.118486831305803
"ufb51" 0.549316798935421 0.0712050099960233 0.0102706152227507 0.127199605868305 0.0659066448555853
"ufb52" 0.754231600924614 0.0473465523135015 0.499970344794303 0.220905171159775 0.133607275861855
"ufb53" 0.643577292501798 0.0580144925414803 0.144904463180386 0.154131779845855 0.0988219397514554
"ufb54" 0.603859310479634 0.0730355462709228 0.0311881575901713 0.139336189202431 0.076089686454045
"ufb55" 0.722665748095315 0.0438358845553141 0.431589671975169 0.199797651969435 0.117089182796027
"ufb56" 0.593878340411369 0.0754988367715734 0.0207170650288862 0.135629202221385 0.068473097941482
"ufb57" 0.522404967511279 0.0613492171341834 0.0207302654600774 0.114733416693799 0.0525289342441468
"ufb58" 0.609737247109584 0.0667764539564267 0.0623861040319353 0.147525283565519 0.0867387501121622
"ufb59" 0.528884772084205 0.0624740294966661 0.0307727567763909 0.120636202707373 0.056710052434768
"ufb60" 0.710863317622715 0.0493044176598444 0.406202487144065 0.188951690801011 0.10825928114936
"ufb61" 0.545436046254435 0.0615417852310851 0.0311905712005699 0.120571396860228 0.0569381967604257
"ufb62" 0.556663864611111 0.0650196168261964 0.0311844196176567 0.125502147082518 0.0652169666942124
"ufb63" 0.591468329635279 0.070643578352674 0.0204956751323796 0.140470640848095 0.0690043314510275
"ufb64" 0.587784271088158 0.0639780856812964 0.0617833062164966 0.141240727289738 0.0861154116455665
"ufb65" 0.579401406503538 0.0670899355165127 0.0412353733478954 0.135793129784987 0.0811108626634383
"ufb66" 0.585770303451878 0.061338930175304 0.0625656764124948 0.139197318191474 0.0737592440264363
"ufb67" 0.630303799215184 0.0692497603234177 0.0631156321829778 0.156486060326187 0.080403696743654
"ufb68" 0.612075994531533 0.0609922885015373 0.0826859852409121 0.149316941658011 0.0975712502124434
"ufb69" 0.610578866600469 0.0695195217772795 0.051449308290874 0.15094345925156 0.080322317317537
"ufb70" 0.65333705817403 0.0401330268895539 0.427053723872388 0.14667649029741 0.0992887352272175
"ufb71" 0.663785067413799 0.0667717724149361 0.145726847108457 0.157554430365105 0.102957193349617
"ufb72" 0.565678531105833 0.0641607882017139 0.0204618461465535 0.123952756029287 0.056563974086659
"ufb73" 0.580478355282686 0.0732997992133766 0.0209221550026613 0.129731687552076 0.0660734773661228
"ufb74" 0.717317604255671 0.0343789990322368 0.599952054699246 0.160271842835921 0.0966271832868838
"ufb75" 0.61993685337314 0.0643807884516124 0.0519954761476377 0.149981361978959 0.090774372546408
"ufb76" 0.637391897720209 0.069430141895029 0.0507970602639645 0.1562268206596 0.0875275403115109
"ufb77" 0.6929491128172 0.0594402229952363 0.227445101457733 0.191083228378004 0.10654543055134
"ufb78" 0.70919350557934 0.0494733134505714 0.416694210351267 0.192663452273151 0.111484380431001
"ufb79" 0.557542441814699 0.0381411046053389 0.363818251216937 0.140643224311067 0.0831385477314052
"ufb80" 0.669894161432891 0.0554126173613553 0.207985285975917 0.176302871034486 0.110800005442286
"ufb81" 0.754599502756459 0.0442875822099631 0.510782804470592 0.201315156545746 0.124783933033664
"ufb82" 0.740696212907809 0.0548698297949694 0.416694210351267 0.205020309232201 0.131557771066811
"ufb83" 0.659818922271155 0.0590739574204459 0.176593894180601 0.17299524188744 0.108013486774692
"ufb84" 0.69476485338519 0.048830794996048 0.33684491776108 0.184522764155884 0.119794947486675
"ufb85" 0.644125142806925 0.0380248168741902 0.382555402854111 0.169599730604295 0.0887448273675512
"ufb86" 0.619669651443991 0.0703196774316205 0.0205247853109371 0.147489854940325 0.0670999239179798
"ufb87" 0.650960045008872 0.053883077216297 0.290442987825395 0.166635910060532 0.0904370639481866
"ufb88" 0.625219436635879 0.0423442247409498 0.320999215747063 0.158526215425063 0.0993891249392442
"ufb89" 0.625381064367215 0.0528392645541926 0.156545384171402 0.149591387973165 0.100087585700283
"ufb90" 0.699571107631561 0.0337024079046946 0.58691808702127 0.202572555151908 0.0940300831580975
"ufb91" 0.554881914460557 0.0638157579441699 0.0104566428331836 0.119944897118682 0.0567069041749183
"ufb92" 0.565594504002161 0.0731092694698282 0 0.13189129001997 0.0685708853285327
"ufb93" 0.591643484901845 0.0528349376852151 0.206356563362158 0.142672422220145 0.0880133048732327
"ufb94" 0.636425251742835 0.035551387998113 0.494733056949941 0.165933364870889 0.0940273991198127
"ufb95" 0.6933184416267 0.0286412122422189 0.691468720141716 0.184504602977891 0.0860362781943148
"ufb96" 0.60794550796235 0.0411805585822879 0.41449116953367 0.1365802794578 0.0933682452288819
"ufb97" 0.673269157431269 0.0469152347363783 0.364500013687418 0.181379793818962 0.0978799847292018
"ufb98" 0.68157096538019 0.0577086261315591 0.270717314236959 0.168523327905602 0.111678086360376
"ufb99" 0.684569245573797 0.0558363860741787 0.220797609711465 0.179990734768684 0.111975693920495
"ufb100" 0.688299542788528 0.0484138710000496 0.364500013687418 0.182943064324264 0.104823718031208
"ufb101" 0.599739991021601 0.0733449722351805 0.0311805008745602 0.135443669460775 0.0736311545997353
"ufb102" 0.572991370577313 0.0728371238357661 0.0206992279142133 0.128015579237822 0.067272646839273
"ufb103" 0.566319363861779 0.0377111100424074 0.334273229979519 0.138892427880343 0.0818601794362614
"ufb104" 0.666695380639604 0.0611956754639843 0.196458254457017 0.179046127572656 0.103074696962084
"ufb105" 0.59991829336534 0.0757851915308977 0.0209375977396384 0.138465304283318 0.0678248112266801
"ufb106" 0.553258657965281 0.0624584616498963 0.0105650845826018 0.118799582454429 0.0525731292979385
"ufb107" 0.57301950083426 0.0594647719198722 0.0730104197409799 0.135252219183087 0.0774852964716165
"ufb108" 0.698137910403692 0.0634235719302758 0.239508604413721 0.171864954929023 0.106996399802678
"ufb109" 0.637912644658951 0.0315073989970599 0.54752235070242 0.148768238849762 0.0836562715457854
"ufb110" 0.70711016640815 0.0430087765193455 0.410521899774931 0.19396249680493 0.110243972305094
"ufb111" 0.656892590299039 0.0679224006996177 0.0834724194094268 0.169748217359217 0.0985972812177725
"ufb112" 0.630794822899339 0.0680163949735115 0.0625578170129023 0.158563280203613 0.0678118588838744
"ufb113" 0.573587893882869 0.0643963974936198 0.0206282260161412 0.127767295086744 0.0535030451703004
"ufb114" 0.755449091458414 0.0510645286721156 0.403497845150412 0.222444408457113 0.130081500864997
