"quartet" "cluster" "phylo" "mutual" "shared"
"mb49" 0.713195695004667 0.0898974044270223 0.114819037400208 0.196232599789265 0.115317201531296
"mb50" 0.776420535123381 0.0750011611797901 0.33210420717368 0.217885088610472 0.143207248389178
"mb51" 0.802384227418615 0.058374554318458 0.459453764765447 0.227456973607081 0.146587081202874
"mb52" 0.790704928259513 0.0361650831306362 0.744663808531641 0.233844119313694 0.115828693923659
"mb53" 0.821390292451386 0.0502132156796511 0.621611318114976 0.232802868188888 0.143670748139431
"mb54" 0.989806116330202 0.0407957373472695 0.968725889365888 0.269282931454328 0.136627965793055
"mb55" 0.886483180428135 0.0352349413349713 0.802137232771214 0.224801474378943 0.108561310105626
"mb56" 0.758926623319951 0.0858086694276479 0.23932525268988 0.219061515842251 0.131473918201502
"mb57" 0.883509682571372 0.0391274842464038 0.81914000962192 0.251797600377578 0.125225524318398
"mb58" 0.861344080165559 0.0372481061448395 0.81240669439269 0.240109032793296 0.119215752698008
"mb59" 0.652252300467285 0.0796901732528331 0.0514308483043491 0.176300259772666 0.0791484985242323
"mb60" 0.904062922699264 0.0428143257273312 0.797786734780108 0.272261475775994 0.134159225874148
"mb61" 0.768635090473837 0.0581004962501964 0.427044735512095 0.221794658752229 0.141494963351412
"mb62" 0.803505045140733 0.031563400558304 0.770964671200692 0.201483662409947 0.0962321384877328
"mb63" 0.749525667169075 0.0680863576599957 0.270242827145472 0.199642488362038 0.125298955292173
"mb64" 0.66711092192752 0.0673732468075113 0.134702472952453 0.17224036880636 0.104129103952393
"mb65" 0.742726740784084 0.0387283159664576 0.652699241196998 0.183969870934022 0.113336621955676
"mb66" 0.93115766529426 0.0349818166261108 0.906229026295027 0.230190896852496 0.113434696166665
"mb67" 0.723516573213145 0.0740117646342212 0.270666793972298 0.191053868697509 0.122470268039856
"mb68" 0.883051064921735 0.0334449991423719 0.831560175206635 0.217211309947178 0.104667390729036
"mb69" 0.792402410269845 0.03602586125969 0.684084509570808 0.22562068120883 0.108510127702161
"mb70" 0.832988500216523 0.0385063570881777 0.781132583758578 0.248058377405334 0.12164880388947
"mb71" 0.778115305067218 0.0305785917639959 0.770707880213874 0.194818253300846 0.0928820741496322
"mb72" 0.819559748427673 0.0297592585739624 0.822882756134758 0.191909962770372 0.092707573701711
"mb73" 0.591636210600926 0.0796797275310871 0.020442931989749 0.140284997721362 0.0810897511243555
"mb74" 0.666895531415774 0.0471107342447392 0.438465258580591 0.160394356661068 0.112870836513069
"mb75" 0.785414977020816 0.0340831932682055 0.715842127535569 0.212301613236597 0.0982586151227575
"mb76" 0.637357258637332 0.0713321336925165 0.0721424283264616 0.168385125504938 0.0854235030553006
"mb77" 0.605684040842712 0.0789745967306859 0.0203850990873746 0.146314079046177 0.0736355507559035
"mb78" 0.761308659519911 0.0630439537854217 0.319571894895578 0.205714016728293 0.128705834179865
"mb79" 0.619332816437832 0.0770245755447179 0.0208983064006141 0.157027179912383 0.0761038824590877
"mb80" 0.781519361292373 0.0468229839493282 0.5126140707067 0.216554316853547 0.13354971815164
"mb81" 0.740022202845919 0.0875204827424204 0.177427460605856 0.2129328528888 0.119687650047592
"mb82" 0.683720516696092 0.0430839669534816 0.522453307232579 0.16993728556452 0.116030128274869
"mb83" 0.750018679219102 0.0571245171441627 0.41548950851682 0.211961846728742 0.136123071790213
"mb84" 0.710205943234046 0.0554494169564063 0.382865383014353 0.183542619536373 0.119059210411494
"mb85" 0.752633831231023 0.0440813591056799 0.563667435757726 0.206879596308678 0.123576454363246
"mb86" 0.708778296695124 0.0670385619864666 0.281008848425527 0.182896225989874 0.116396026077245
"mb87" 0.694529257964093 0.0734180654188059 0.18704212532983 0.176528374331616 0.0975491172063692
"mb88" 0.60803855311747 0.0778613318384508 0.0104479850713269 0.147917471533804 0.0741029571269982
"mb89" 0.7206200643463 0.0308588677817105 0.6979403881904 0.196265016190058 0.0920607894413138
"mb90" 0.698734090831542 0.0553732074459324 0.332535748962982 0.184081323635709 0.112331333520317
"mb91" 0.765900793901046 0.0791061748163679 0.300938452931424 0.215592056293592 0.133317660595358
"mb92" 0.793601761113478 0.0489626623441025 0.562467401194497 0.230491298954235 0.141471673478512
"mb93" 0.73540992212792 0.0241831073628842 0.674138690821944 0.155591979156071 0.0725459635878097
"mb94" 0.79122613223923 0.0361186088398455 0.708417617263605 0.22306609906402 0.105523263837718
"mb95" 0.632372166186615 0.0632570464847561 0.155299153368744 0.168416171226039 0.0965649592060645
"mb96" 0.629464927424834 0.0775556803706693 0.0420946549959316 0.164068661680198 0.0779230072054806
"mb97" 0.807551226916266 0.0317747407665242 0.781183941955942 0.202468202951173 0.0950905994452289
"mb98" 0.632282024025147 0.0768104807920201 0.0211058298467051 0.163467592104479 0.0706558117368526
"mb99" 0.752632693393563 0.0786093408507057 0.239330473092018 0.211790289007629 0.123014875993985
"mb100" 0.713184432494254 0.0490088203732252 0.434164060051185 0.188735059803385 0.117657944970799
"mb101" 0.69992768408275 0.0584126239589216 0.297789492166027 0.192045844128926 0.112478751804959
"mb102" 0.603532088570931 0.0758324182498486 0.0203638156562834 0.142803971575366 0.063095386027046
"mb103" 0.586573666444929 0.0786317489812132 0.0204467165962936 0.137533028535026 0.0724927519028156
"mb104" 0.849541872520088 0.0630153517835554 0.541706492889852 0.233671720601313 0.161093205179794
"mb105" 0.773639398805467 0.0489919125037752 0.571646688982682 0.195038148306853 0.128196714252198
"mb106" 0.634931323519053 0.0662020590428683 0.134626013123765 0.166543934219768 0.0929189883452892
"mb107" 0.63926271584568 0.0791949145736683 0.0209075238963309 0.15741020385808 0.0688340935129128
"mb108" 0.717907620574093 0.0384132120333644 0.510396972523846 0.173578393525007 0.0957025770791366
"tnt1" 0.858082656904876 0.0363718035775776 0.791608645500646 0.235385743374816 0.113637443450531
"ufb1" 0.645493086482177 0.0750117705930849 0.0617961696055941 0.169825287581969 0.0750176507557289
"ufb2" 0.609304822670004 0.0607053249692787 0.0929934358976008 0.146699359458188 0.0740393237701538
"ufb3" 0.559689308194907 0.0624418745566525 0.0415840045541457 0.127736441210549 0.0660338331165263
"ufb4" 0.717182878871591 0.0505979545677694 0.39237272372901 0.18901355867451 0.114805559734384
"ufb5" 0.669682731310072 0.0815343950157539 0.0729571632369815 0.173976937200827 0.0729995538831772
"ufb6" 0.573486127920942 0.0713659879029527 0.0209071583931571 0.131527035671527 0.054896586252358
"ufb7" 0.535902783377438 0.0659102376391775 0.0102198297647776 0.117070563124303 0.0458713520364113
"ufb8" 0.531087881806538 0.0648458066192284 0.0102335933383776 0.114492095738398 0.0442788377952554
"ufb9" 0.62353708215234 0.0631073638686718 0.0729648836686331 0.151251416880308 0.0774743699287044
"ufb10" 0.566852811067854 0.0624047104378964 0.0520689497113657 0.13084078173766 0.0682745508469656
"ufb11" 0.553457588644724 0.0628061056137956 0.0311051447513565 0.124656181699531 0.0609655744739651
"ufb12" 0.59000830611358 0.0787160311916918 0.0204459271690523 0.139696244495248 0.0790466066034709
"ufb13" 0.592210487222971 0.0797164907861215 0.0104530031096527 0.139863984587171 0.0741474166743768
"ufb14" 0.670048759108092 0.081827052535383 0.0632641194780004 0.174710524706197 0.0722362461793138
"ufb15" 0.672169551449418 0.0598934086062948 0.239316568722502 0.172528914859253 0.104424811341931
"ufb16" 0.696062756070751 0.0663037115463228 0.178093753422092 0.179743870978401 0.102027052382927
"ufb17" 0.814491581851042 0.041471566477733 0.696536313590611 0.198814659447351 0.121369347997441
"ufb18" 0.776160078202527 0.0569566167501214 0.530260595418519 0.194854528756618 0.133837060751315
"ufb19" 0.731426478499239 0.050359393113072 0.44486097834443 0.190025589878695 0.113658424070979
"ufb20" 0.704298245614035 0.0618666476384848 0.322868062516332 0.181592597241787 0.12105347472814
"ufb21" 0.633565770035629 0.0694908203957008 0.113743360750842 0.163216520832874 0.0868132568152487
"ufb22" 0.634166505803739 0.0739424086285179 0.0721402825892205 0.16835508518275 0.08324407413075
"ufb23" 0.636287950054763 0.0730021162638538 0.0513492516638407 0.16537281455339 0.0697948995852375
"ufb24" 0.75738861109038 0.0462042417048049 0.510456290052438 0.213675647079786 0.12886593793483
"ufb25" 0.742469757246083 0.0251734252029671 0.781235300153305 0.160651787245188 0.0754903486911743
"ufb26" 0.777777777777778 0.0456498821589321 0.533439872734874 0.211631908583369 0.12676902914779
"ufb27" 0.75641219832374 0.0609310131044771 0.340837296762568 0.203477299207773 0.126361409312005
"ufb28" 0.644362660457223 0.0733761349375129 0.0930341184727273 0.167846960555155 0.0779295981474699
"ufb29" 0.69630647671967 0.0598751243853092 0.315041951686511 0.17658860839801 0.116370598560407
"ufb30" 0.705831632653061 0.0594774996509834 0.341744326097083 0.179308686016167 0.111537860140245
"ufb31" 0.766148867313916 0.0317779050847082 0.691435989714775 0.196224576780155 0.0913489407920874
"ufb32" 0.608378419447066 0.0763639192110209 0.0315251073616158 0.149270878500115 0.0685404585780973
"ufb33" 0.650871974336541 0.042537112359216 0.416483956420019 0.164444516452626 0.103862118081516
"ufb34" 0.615750660284961 0.0741891703121069 0.0307587997938671 0.149804456729093 0.0659115557482711
"ufb35" 0.610584688022252 0.0750351818071326 0.0203314232615333 0.147492368835294 0.0674186575383764
"ufb36" 0.591963142668851 0.076256089256054 0.0204024592130369 0.13882660529901 0.0692437179535291
"ufb37" 0.720410343028888 0.0367920467763719 0.614477148239968 0.173815177397474 0.0916541470012501
"ufb38" 0.655430494943542 0.0627868555957825 0.21257383167933 0.170973478756154 0.101386148761206
"ufb39" 0.72982293813349 0.0419170509378107 0.531787939574631 0.193101172603334 0.108395789723088
"ufb40" 0.617019064701333 0.0756916656083946 0.0312116936208438 0.153415231497505 0.0652107122450766
"ufb41" 0.588161492653172 0.0777301187190642 0.0105585743467069 0.1394570911097 0.0686704164221179
"ufb42" 0.833537032510389 0.0484255026590517 0.63150903661331 0.232184709514691 0.144711830206053
"ufb43" 0.71477030009788 0.0857255760543452 0.155927602878674 0.19375412528622 0.120340763912223
"ufb44" 0.596481448053488 0.0804979757920201 0.0105586204479026 0.143491792892895 0.0743435660552404
"ufb45" 0.609858761621487 0.0754230262111376 0.0209729785091831 0.147872984563789 0.0638085440837371
"ufb46" 0.699340152841039 0.0486351715475943 0.436079549321326 0.184090739575042 0.113580708568393
"ufb47" 0.735409280914334 0.0364335662686351 0.61046259518933 0.17108723150877 0.0908761125543424
"ufb48" 0.732777057500305 0.0505412289114648 0.434243668330906 0.191986244554282 0.11346992308943
"ufb49" 0.625351549286037 0.0641455106697007 0.124292779539619 0.154856546749399 0.0860756276394979
"ufb50" 0.593761681313874 0.0758715154580214 0.0204024592130369 0.140352972128313 0.068864782796508
"ufb51" 0.580987713673667 0.073083395189517 0.0105601167375688 0.135118519416339 0.0611047628149721
"ufb52" 0.646298282269845 0.0593174925798055 0.176978250501796 0.167097301984 0.107790152559334
"ufb53" 0.666722935684513 0.0410426834362313 0.50140926257842 0.160182007757122 0.102974214776596
"ufb54" 0.588828184325551 0.0762065943869886 0.0204164431704468 0.137351903362767 0.0695226328089193
"ufb55" 0.699557811988208 0.0416612407932407 0.510336290898666 0.190949813340796 0.107900218591936
"ufb56" 0.688406949469248 0.0567142147225132 0.260337925387768 0.181685843062361 0.110680228056374
"ufb57" 0.708217050000687 0.0602521016790778 0.28121797397166 0.193237753609395 0.111711659609767
"ufb58" 0.713891977912417 0.0657052744422131 0.281136436904065 0.19145381891152 0.116644347268519
"ufb59" 0.677248994553912 0.0633454325303794 0.228224664896584 0.173144139237821 0.0931136647895956
"ufb60" 0.693886783916756 0.0415283701980642 0.526171639326386 0.156120841900793 0.0972992476911928
"ufb61" 0.697364308089306 0.0570175330850665 0.281049122280098 0.186817609382512 0.106632521565544
"ufb62" 0.690639838685198 0.0485503472692047 0.382841292085846 0.183665276033561 0.107453468181887
"ufb63" 0.584883466269154 0.0771707455492795 0.01055882192709 0.137948756111653 0.0694991886928823
"ufb64" 0.635805672766658 0.064450448074891 0.135239002834508 0.161490832514885 0.0961069912265517
"ufb65" 0.706941859191941 0.0506995931679596 0.363680969852957 0.186610513759419 0.112332603423362
"ufb66" 0.549060527410278 0.0690935066156599 0.0104521499767226 0.124802269771953 0.0558533988685784
"ufb67" 0.6910648779648 0.0565524776457205 0.239337135648709 0.179904301656603 0.105208814933048
"ufb68" 0.649491314909861 0.0604575994375899 0.197745604409822 0.163350321570166 0.0959135241026497
"ufb69" 0.81 0.0359185184766229 0.694722278763804 0.22919827740494 0.107747308249118
"ufb70" 0.735766025391386 0.0459305061786806 0.489425074890376 0.208942075708885 0.123873247856784
"ufb71" 0.672647016944326 0.0295122917802028 0.645714154072152 0.181620601539054 0.0830860543874766
"ufb72" 0.724299490538573 0.0389080031386523 0.583199300520422 0.181892863884994 0.110102838276315
"ufb73" 0.588478857534952 0.0599693552727501 0.0624554063900836 0.137812681567483 0.0708433242612656
"ufb74" 0.665515252539977 0.0564387898779528 0.239481932072073 0.181984388851702 0.112869803955004
"ufb75" 0.669594679382608 0.0303005655663158 0.648801288377081 0.188545873684128 0.0877883071124058
"ufb76" 0.520075398277678 0.0623050689387957 0.0102464190218889 0.107732771202458 0.0440289586139057
"ufb77" 0.581355089389604 0.0721583400797351 0.0209094801376079 0.138051382862763 0.0647028771673689
"ufb78" 0.55491171949649 0.0597657308712906 0.0514544288231657 0.125451214681891 0.0648800776131153
"ufb79" 0.588264715800188 0.0720480046612105 0.020909227585884 0.138463323089598 0.0646884875494749
"ufb80" 0.745267210144928 0.0377677226527946 0.610498648708687 0.176873097601717 0.105798612898611
"ufb81" 0.614232209737828 0.0340176134190052 0.476792911254161 0.151046275209537 0.0844299580109525
"ufb82" 0.578759997878122 0.0466012420517531 0.261024023096975 0.135584353152125 0.0919876757938463
"ufb83" 0.605863836596882 0.0523154108793593 0.229658178296054 0.143388419604409 0.0971643157314805
"ufb84" 0.533343466240943 0.0639476429711969 0.0104541434500505 0.112443406938378 0.0450445339329168
"ufb85" 0.772181209835891 0.0559482029910967 0.476170481239538 0.211531836863565 0.138227012523355
"ufb86" 0.597921791366223 0.0739327873690627 0.0313688089123556 0.147305333992481 0.0707251584956218
"ufb87" 0.754430499869517 0.0367420441221882 0.666606894439212 0.17374219880687 0.104759448062509
"ufb88" 0.757071806030463 0.0383546447363523 0.631449097720288 0.183499552001326 0.110378266129119
"ufb89" 0.724957500260569 0.0730101705893188 0.228851263662802 0.196517580141847 0.113022302006009
"ufb90" 0.723640443246009 0.0792092041771221 0.177555490590051 0.199420799132965 0.112383146424998
"ufb91" 0.672295819935691 0.0436431197259684 0.354055644800376 0.156803451298588 0.0933433227320179
"ufb92" 0.778862403273148 0.0407353140610562 0.633701413825882 0.196205102250148 0.117830108835782
"ufb93" 0.664270451658381 0.0523017108793436 0.353255172764836 0.169343082772088 0.106883221136381
"ufb94" 0.613482833996312 0.0755588369205015 0.0211200050221643 0.147479237587305 0.0633551259075424
"ufb95" 0.793619361936194 0.0291957892951808 0.789476167277331 0.184787711520419 0.0861373497508647
"ufb96" 0.6006381576261 0.0458573425259149 0.313016125670941 0.138996744579813 0.0910833470853613
"ufb97" 0.654621355423651 0.0270394959293484 0.697837671795673 0.171090221187005 0.0794369179443831
"ufb98" 0.740180772391126 0.0469004724275717 0.450704598552051 0.210341050527478 0.11916300134939
"ufb99" 0.706569248821834 0.0671777807318876 0.270626888360155 0.18228087975563 0.117151600220207
"ufb100" 0.693862499252497 0.0608777456307025 0.280966865807332 0.176113536584137 0.112218590486318
"ufb101" 0.595625984182828 0.0486367352560848 0.261181384902042 0.142849541731384 0.09241922129562
"ufb102" 0.628390361508475 0.0685889552402757 0.155829894806091 0.154199766068725 0.0856019809488512
"ufb103" 0.851881960816194 0.0466690877801711 0.708371373023786 0.226138587491216 0.131594517354528
"ufb104" 0.6924842157475 0.0725220372773808 0.186094072765525 0.17690283555884 0.10540904038245
"ufb105" 0.753835616438356 0.028729739622163 0.789476167277331 0.182719101520523 0.0854602088426536
"ufb106" 0.583426116274768 0.0529413827248219 0.166941002646124 0.134752031075451 0.085910032358021
"ufb107" 0.691998628451562 0.0812297862286998 0.114866643620464 0.182227056653486 0.109110623532182
"ufb108" 0.596354397412297 0.0772549133381437 0.0204024592130369 0.141393557383571 0.0727110869448392
"ufb109" 0.623060125685519 0.066513539908505 0.0928222810349109 0.164539001889781 0.0909007223245398
"ufb110" 0.780571264650438 0.0486288183950996 0.493681375474725 0.218218688466833 0.129388391542369
"ufb111" 0.530163870381222 0.0692050054345231 0.0104530031096527 0.128739361728688 0.060887363716114
"ufb112" 0.647218560506196 0.0360840088838778 0.476852493534196 0.160773573655543 0.0915768943682047
"ufb113" 0.653651838225769 0.0684849179605261 0.134819244684173 0.157304977970232 0.0758183047719151
"ufb114" 0.624656967603187 0.0657990393185482 0.115870592441867 0.146694431866856 0.0750700571100524
"ufb115" 0.585965135468459 0.0663677487428137 0.0416978275557197 0.142021115884361 0.0715385827525044
"ufb116" 0.540806373855015 0.0679872211632883 0.0105584614567533 0.122998190119217 0.0564387103619521
"ufb117" 0.728489139565583 0.032129577836445 0.652430684682198 0.194938833236446 0.092905556342758
"ufb118" 0.729235110349693 0.051215217821062 0.358622381397621 0.186916899568508 0.118064974886421
