"quartet" "cluster" "phylo" "mutual" "shared"
"mb49" 0.913269982152332 0.0402238941173751 0.863069561234037 0.258034968777632 0.127800227860539
"mb50" 0.824567306681247 0.0455220729009955 0.666467878611457 0.20981189109203 0.12428364336111
"mb51" 0.61925068790173 0.0821345737516414 0.010064862115658 0.151746514374065 0.0610283902096788
"mb52" 0.764880706057619 0.0559935864529378 0.447446768139536 0.177332690452349 0.110762412687813
"mb53" 0.811760422355725 0.06339669497988 0.487823852742536 0.232028559112588 0.156836518886802
"mb54" 0.812043677715319 0.0303872879617381 0.82100902387796 0.193162190089931 0.0937019734497403
"mb55" 0.943387909319899 0.0328616107808474 0.92636809380923 0.213168592417076 0.105592319941457
"mb56" 0.859340088334632 0.0362569888983599 0.810519855356576 0.22810243978712 0.11036563743096
"mb57" 0.894925829997645 0.0372522929272397 0.787048172532213 0.231042163082704 0.11184635821148
"mb58" 0.790293751942804 0.0475987120876667 0.581924650127889 0.220703378095666 0.135529200949663
"mb59" 0.668180114757784 0.0768251184157812 0.0828489023336564 0.168599177504314 0.0810598949382629
"mb60" 0.808741128128502 0.0367696902812789 0.76333876391923 0.228719840927471 0.112034880461202
"mb61" 0.775681424122916 0.0711807531238274 0.417181873054785 0.216712863643713 0.148357049585142
"mb62" 0.752953884725149 0.0750166257294677 0.298003763619267 0.21383143987484 0.13997885587942
"mb63" 0.86516290726817 0.0325812459461558 0.817067541844166 0.208873350063059 0.0983721547918869
"mb64" 0.870799347471452 0.0375044062048257 0.833350074819181 0.237597245477887 0.116528416172065
"mb65" 0.852331251993984 0.0414675107668681 0.78119167230964 0.258140743461398 0.12700462891513
"mb66" 0.867033988316516 0.0306758432895852 0.874922619116986 0.19444279267268 0.0958065134436743
"mb67" 0.997680750226883 0.0385867581192648 0.989568319498092 0.251141264842813 0.125802146117776
"mb68" 0.852728047740835 0.0347834712881653 0.81238392867548 0.220082979112757 0.106909052795287
"mb69" 0.691541121854929 0.0753871826066631 0.145553564141656 0.178180497856442 0.100677863173711
"mb70" 0.727112301092281 0.0749752965619001 0.260514270715198 0.194623860179975 0.125037455777154
"mb71" 0.662853626816205 0.0733257427913804 0.123799138137375 0.176460526605282 0.0893382855861176
"mb72" 0.85504729698853 0.0411822722533718 0.781088887169755 0.257334931070947 0.125225512826756
"mb73" 0.682023900947964 0.0670921927098822 0.239656362985407 0.1732028059963 0.111281092008751
"mb74" 0.608266514353726 0.0784488303579318 0.0310103747756156 0.147500758067068 0.075476356802794
"mb75" 0.699986008767839 0.0756124345748716 0.200007281144482 0.180929207784835 0.114674140461413
"mb76" 0.763333926020393 0.0691271067452656 0.313484873968457 0.217781260853173 0.13962607297408
"mb77" 0.635536142276564 0.0708734711933139 0.0729146877677952 0.154098071844374 0.0864584470836745
"mb78" 0.777026385274395 0.0437229099358654 0.616864684972617 0.204993818536929 0.125900327180723
"mb79" 0.674063581995593 0.0612315689536799 0.263057302430714 0.167239538299267 0.112111228869694
"mb80" 0.626597226427663 0.0299504474937648 0.634348467021825 0.182457722975566 0.0831264993748883
"mb81" 0.73351563106043 0.0460672384188209 0.462859769607577 0.202567593735024 0.117553260767608
"mb82" 0.746347488176405 0.051944504158618 0.505258214880315 0.201107352894987 0.134878567917667
"mb83" 0.814733770970095 0.0329025791036442 0.770759991807732 0.204888559024711 0.0975682389145266
"mb84" 0.775021415914665 0.0507671457463821 0.520473433009077 0.184312279413998 0.11622507551581
"mb85" 0.747538168728537 0.072051781973652 0.281403118838582 0.201379606840092 0.117730806748191
"mb86" 0.628695124707114 0.0694857929036458 0.102921149355601 0.159681479243442 0.0766169268842122
"mb87" 0.605554442483608 0.0684269190676137 0.0104935649851926 0.139848734889203 0.0579791108539852
"mb88" 0.632556735876388 0.0713018682623775 0.0526276825777269 0.150058943608629 0.0610056248144615
"mb89" 0.605933900360437 0.0682518959746301 0.041671827708801 0.14299717445828 0.0709363284328731
"mb90" 0.738029139394922 0.0506263507082309 0.490914858624788 0.195660446843745 0.130995287510202
"mb91" 0.702687943692737 0.0315107925788434 0.659547264074315 0.189411115144665 0.0858951490039854
"mb92" 0.691314373558801 0.0571629996327464 0.276677982974008 0.178430320017721 0.11243914571229
"mb93" 0.665233589256877 0.0524402089909192 0.342349273535138 0.170183509688137 0.112424421455714
"mb94" 0.819656152972739 0.0560475596509549 0.604161473296703 0.217585714861698 0.143553973246101
"mb95" 0.715307915701347 0.0622401102242472 0.292197211181596 0.184791474391776 0.112328707690179
"mb96" 0.637889279763007 0.0489375378273663 0.310181100813599 0.156522167881001 0.0999410941843639
"mb97" 0.858839709927482 0.051327681942035 0.699875239302225 0.201312012195817 0.143736167060172
"mb98" 0.606818597970106 0.0796598853111004 0.0100091894027354 0.14502801036964 0.056716261267452
"mb99" 0.690400033669325 0.0507190918156575 0.327729075356293 0.18180237251778 0.112411485439587
"mb100" 0.629004026168595 0.0710726474610042 0.0105960261295011 0.149888453425092 0.0571323651888589
"mb101" 0.696642354392158 0.050783931762388 0.306289271499215 0.180835315266779 0.105728413548451
"mb102" 0.659616140839106 0.0666447626035137 0.208155453975158 0.164530855433853 0.0978399075999298
"mb103" 0.613411767253117 0.0797862309371922 0.0102354236682241 0.146892593764785 0.0506565956671913
"mb104" 0.729069230418973 0.0571305701601025 0.404383847544767 0.192060659906769 0.121527529016856
"mb105" 0.603572729453363 0.0766195790845677 0.0310458119590342 0.143883449285107 0.0745995942364907
"mb106" 0.794727414971589 0.05487007978383 0.574299642921004 0.210525086655064 0.141673074230945
"75" 0.774373226250898 0.0496990455867259 0.530909431536648 0.184565835792392 0.110378422140455
