"quartet" "cluster" "phylo" "mutual" "shared"
"mb49" 0.828125 0.0385134761699587 0.757836536590599 0.252125486690144 0.122901370451288
"mb50" 0.815899581589958 0.0590865908173853 0.541649429560517 0.236700903305289 0.160570919298752
"mb51" 0.987553226334753 0.0420720386031254 0.98957369002584 0.286244459641819 0.1454060087951
"mb52" 0.778655338332828 0.0632338192982879 0.428372213038082 0.247253118225503 0.163331707791812
"mb53" 0.750973051729617 0.0743409461472161 0.21923797256264 0.21867506576674 0.129864511699576
"mb54" 0.751229532481384 0.0565029246223299 0.394124336722225 0.214765481210207 0.147254780774444
"mb55" 0.617264454706184 0.0860660948304545 0.0102527356232437 0.159310123397068 0.058049353997319
"mb56" 0.71889339510752 0.0705051765462795 0.259149084336062 0.207546264713532 0.144285220189229
"mb57" 0.90669965163831 0.0370696400576426 0.82280409655085 0.242336076878143 0.117623836327989
"mb58" 0.641128996966871 0.0899832875955683 0.0103033119737025 0.168031294662131 0.0727469438747866
"mb59" 0.67595637547711 0.0733808702704003 0.17613613284029 0.191257782297631 0.120716272679758
"mb60" 0.659444624577331 0.0806310955487711 0.0619286579763007 0.180883540747835 0.0885828242727407
"mb61" 0.69641008508272 0.0805762258250687 0.093847284355945 0.194705329188967 0.0978147661402054
"mb62" 0.826905686472685 0.0395656163759915 0.715916769834637 0.251913144692401 0.122825438441345
"mb63" 0.723781537596826 0.077170253189333 0.218684129304286 0.200057487522201 0.123777903450301
"mb64" 0.782813091372682 0.046486849810213 0.549960268853114 0.219799777715011 0.130765818380882
"mb65" 0.858484697685992 0.0353607731763981 0.781098856654209 0.223987923781421 0.107677134710331
"mb66" 0.861521648626145 0.0372195533777382 0.791576532739945 0.240511844317374 0.118015457997602
"mb67" 0.886414378209422 0.0379613277209409 0.821050235007988 0.245581315676845 0.120711287389491
"mb68" 0.803060591438616 0.0293208266217551 0.831585851410886 0.192091677742048 0.0928930107212634
"mb69" 0.702323356818307 0.0792988781577258 0.134611270927355 0.197427143564199 0.119074466235914
"mb70" 0.818841228620041 0.0446446845086584 0.635086156771899 0.209974393771267 0.131231350443944
"mb71" 0.839452719085556 0.0423696625130776 0.729121405118136 0.271123245131686 0.133042914117496
"mb72" 0.88797649540455 0.028630076675156 0.905231356993002 0.19471339666821 0.0954302596695561
"mb73" 0.726013634483214 0.0724001166529644 0.239639003811443 0.198074118631984 0.124296986334687
"mb74" 0.693032928942808 0.0292449084150366 0.655905012859822 0.187498190542334 0.0840266658344724
"mb75" 0.615159462533522 0.0708917541176177 0.103484041316564 0.16184961082952 0.0786479713900747
"mb76" 0.696363457513746 0.0715650728479769 0.196860498069294 0.19625047436708 0.121162530971809
"mb77" 0.837359669613728 0.0589489395506747 0.614322365871085 0.238208898401352 0.166405430084054
"mb78" 0.742229749459791 0.049503255430754 0.462881342538572 0.190075645560065 0.128550164320332
"mb79" 0.718458235925485 0.0534265236302481 0.415201753940302 0.179344063775882 0.124200539769817
"mb80" 0.786620841011201 0.0467393345480982 0.570904138207635 0.216867492488298 0.13462998653219
"mb81" 0.750878362183366 0.0674177394709518 0.263564947600754 0.222985622325423 0.129138135960345
"mb82" 0.653723784759677 0.0714201171861316 0.124040922962871 0.176878836454408 0.0889935862543134
"mb83" 0.75498343381674 0.0346223103309622 0.705210359195194 0.224630865965422 0.105393706559771
"mb84" 0.726593433369205 0.061171758597821 0.314306653950918 0.20024524012854 0.12655337939295
"mb85" 0.844297482306532 0.0335418885089358 0.821050235007988 0.223081897684648 0.10841304667216
"mb86" 0.926328502415459 0.0336362486837825 0.906214576344133 0.224450418462599 0.112008494779186
"mb87" 0.878337048364522 0.0380419091056887 0.799927097583106 0.251252476421407 0.123033440916262
"mb88" 0.831678269781249 0.0479504642802921 0.635501453375152 0.231780409495137 0.14462541199153
"mb89" 0.641605755805494 0.0899190906529976 0.0104169977570177 0.16931923702979 0.0755582789113803
"mb90" 0.834883592933018 0.0354049269924105 0.760297602817464 0.225861696552389 0.108176826521316
"mb91" 0.589246206659099 0.0811424462787305 0.0102269901898655 0.145703593773335 0.0613952444009158
"mb92" 0.838703241895262 0.0366121447112453 0.770723912791624 0.23469040068455 0.111912119533335
"mb93" 0.636442190428032 0.077558582619549 0.0106897288896767 0.167481742798414 0.0688808709745546
"mb94" 0.732054730893538 0.0465016565081042 0.455886623825628 0.214450258202725 0.130227797046895
"mb95" 0.758966929763213 0.0516366565238964 0.473747968482253 0.239811172524142 0.144926507388441
"mb96" 0.659868530800132 0.0738156054045414 0.104393078250607 0.174635914936614 0.0880276494441179
"mb97" 0.603435946189246 0.0824224270577036 0 0.151122055002581 0.0489227968774032
"mb98" 0.75014764435808 0.0465967500780731 0.487308721673355 0.217262412991301 0.131358033898844
"mb99" 0.637837148026094 0.077101442873044 0.0211583612372055 0.167105580160215 0.0701446331370872
"mb100" 0.623158834667062 0.0760046528465002 0.0108003789404298 0.159924826847837 0.0679478943817432
"mb101" 0.697087505057222 0.0748426828589547 0.16825216322622 0.186349035772313 0.0966063778386021
"mb102" 0.601122894395739 0.0714510556646421 0.0931658268142577 0.151626457258213 0.0751986570879835
"mb103" 0.604249142875075 0.0700417716805331 0.0633465417444006 0.153492995293236 0.0732978349154949
"mb104" 0.603380050819356 0.0748672121087408 0.0104755559838612 0.14779436317157 0.0684506767029378
"mb105" 0.610883194115637 0.0737854097642291 0.0206928953798415 0.150275293400728 0.0668970766163195
"mb106" 0.582399528941999 0.0789947463228071 0 0.140850023758197 0.051340199558533
"mb107" 0.605717539950195 0.0736427945762581 0.0108016420913608 0.147605366365429 0.0659497619264783
"59" 0.735714761598081 0.0532795500579858 0.359829974545724 0.198162991735337 0.119406620752236
