"quartet" "cluster" "phylo" "mutual" "shared"
"mb49" 0.909881342062193 0.0420211061208483 0.76832493750793 0.263634607516552 0.128878166794384
"mb50" 0.661889104551117 0.0766634878059749 0.0721658583695757 0.166768553227898 0.101976963285636
"mb51" 0.861987655177197 0.0287609171854141 0.916679502245751 0.192035006303564 0.0952083250205307
"mb52" 0.754494675592464 0.0762620853489125 0.217573882941047 0.192674562461152 0.134768558103979
"mb53" 0.864329676210864 0.0319000824724545 0.833307662175165 0.202611999012685 0.098264767052711
"mb54" 0.684991594667501 0.0514296115130463 0.344426622821829 0.167858307174321 0.101080439264734
"mb55" 0.749020147342887 0.0811045075928166 0.165638123006487 0.194356812884302 0.125363423529226
"mb56" 0.750906491515239 0.0438368446073191 0.550023445518445 0.204292093890645 0.116169806316017
"mb57" 0.796798431885005 0.0370749816200323 0.71582715518155 0.232416196689838 0.110216469861172
"mb58" 0.905335810990178 0.0353884021139437 0.884162468753965 0.23439859650516 0.115032299084803
"mb59" 0.729085158204481 0.0506294213900098 0.416517970088083 0.190418133222818 0.110912718493379
"mb60" 0.583476603540945 0.0734304940824126 0.0311750294121417 0.135780901344439 0.0676517684672565
"mb61" 0.977890395985492 0.0393573655371346 0.96873555997353 0.262420159526938 0.131403350219955
"mb62" 0.756273183504255 0.0485062095970029 0.489607422473015 0.218703014960853 0.128505825664919
"mb63" 0.794468365427761 0.0575450071054184 0.443067851013755 0.218882361197672 0.13948394332262
"mb64" 0.749066212435029 0.068907380978062 0.279336688963214 0.204200407617151 0.124153774561216
"mb65" 0.7936714751047 0.0380706688028929 0.688072898774959 0.245569881860326 0.113675105322223
"mb66" 0.79970558905931 0.0407973667761835 0.708403929018297 0.258207417816441 0.12330924453775
"mb67" 0.894687994758967 0.0375345146149651 0.822886182166341 0.239136430544066 0.115954318236076
"mb68" 0.916350857851581 0.0328690367957965 0.884214349076389 0.211940681006274 0.104614929376029
"mb69" 0.827505827505827 0.0375049021865275 0.757846133171624 0.242031169134906 0.115944407246029
"mb70" 0.883101615211613 0.0375810724641697 0.843677799867651 0.244101177238512 0.119468411658104
"mb71" 0.767716226296573 0.0461885419931478 0.557862570732931 0.215581315015186 0.127585183520725
"mb72" 0.686819344093811 0.0702750878749617 0.166942701751532 0.17240765496032 0.100467516542929
"mb73" 0.766105666808692 0.0559313454943007 0.362720338558799 0.200445548094738 0.126512183995594
"mb74" 0.653705901944542 0.0665220435229468 0.124317710350924 0.168182052863103 0.0867493815660421
"mb75" 0.648411574395347 0.0729362686144344 0.103531882640092 0.157609383780018 0.0876958296226118
"mb76" 0.827879581151832 0.0345216365202127 0.729092862086932 0.214811546079624 0.101375475431578
"mb77" 0.706017870174954 0.0684474704422868 0.208729472062685 0.177618587314872 0.116689846258911
"mb78" 0.925032523850824 0.0374649202749411 0.833256319858827 0.238465312857338 0.115888718590757
"mb79" 0.732292318179582 0.060896914316988 0.344354115156508 0.200415667977866 0.138439131385613
"mb80" 0.774374434730178 0.0333966724700823 0.708301244385622 0.207233692000046 0.10015601476411
"mb81" 0.680457329118925 0.0714141052816276 0.124919475383876 0.167669196895546 0.0911618299741524
"mb82" 0.73974921585502 0.0579567861702387 0.354725369485666 0.185594211395439 0.121824919835593
"mb83" 0.706987155699733 0.0483769828290648 0.417797046519545 0.182324706677409 0.107854128433439
"mb84" 0.70515639355469 0.0766999157006639 0.134550540056696 0.176639984512797 0.0996743613998138
"mb85" 0.862931827137791 0.0319095524319108 0.791673084456209 0.20303657727836 0.0950066272073944
"mb86" 0.753220167590532 0.0622461710339574 0.299777677611378 0.203131083064825 0.121478124483883
"mb87" 0.598504584405944 0.0708539991806745 0.0208722960955515 0.140325284726 0.0771364677105638
"mb88" 0.568153979356105 0.0708035886955568 0.0104376180482492 0.123965320401714 0.0633217986883085
"mb89" 0.676971695520747 0.0285267624416126 0.666666666666667 0.175528035189499 0.0781978001982779
"mb90" 0.739168427801391 0.06724447248903 0.238232944355861 0.184320719274216 0.129068775143357
"mb91" 0.624227846182804 0.0641088098714202 0.103511032506961 0.152698576589852 0.0714509914164478
"mb92" 0.638232081393162 0.0727220092472657 0.0313136392278068 0.155268122217555 0.0820532039855613
"mb93" 0.689280599392268 0.0672644078687138 0.164768965120274 0.181738249708692 0.0891541692684896
"mb94" 0.620860536815379 0.0717855052315127 0.0313112514969434 0.146841541379059 0.0797155731546113
"mb95" 0.668565455418939 0.0693087856064014 0.135558887769661 0.161564339961292 0.0843487928964256
"mb96" 0.762726188108968 0.0626715206864898 0.381552867158148 0.208150118431072 0.132456645814441
"mb97" 0.577076526602368 0.0714684446606501 0.0311876585832342 0.132949380909416 0.0671712767632871
"mb98" 0.634563167508681 0.0733257177703009 0.0514604942007322 0.153343321241071 0.0832770310674971
"mb99" 0.544329565036263 0.066124261935534 0.0102336576964565 0.118640697057116 0.0501438030138591
"mb100" 0.860372176906997 0.0466641807237974 0.708177680430776 0.219015359738113 0.131076621314488
"mb101" 0.725754162316611 0.0342082987537357 0.656185144623935 0.164925521596012 0.0943397513983284
"mb102" 0.757776876044539 0.0623308601231346 0.321445501020179 0.194135068198348 0.126075310825051
"mb103" 0.697458501359842 0.0239517571633298 0.677396200573514 0.150891226936726 0.064971364248322
"mb104" 0.737368863955119 0.0508409610827068 0.407279224142849 0.187827431459105 0.113271036399602
"mb105" 0.601989533001237 0.0697149731762175 0.0208730418926672 0.141718084080759 0.0758955097532812
"mb106" 0.722599482403946 0.0503978337644754 0.407279224142849 0.189830763776634 0.114064282845875
"mb107" 0.670081363316036 0.0738801971557119 0.10344944506159 0.162487129113245 0.087971279296158
"mb108" 0.684961488781515 0.0456375524210426 0.407345493428037 0.170525452528285 0.0966448795879747
"mb109" 0.610288430900597 0.0704686813352256 0.06182641268868 0.146221663379748 0.0833809359017179
"tnt1" 0.616142002650789 0.0683127872589947 0.0724159599089488 0.14294423142145 0.0736005789335154
"tnt2" 0.532030904055992 0.0648994777329381 0.0104381150491909 0.117695257378429 0.0552124902164936
"tnt3" 0.678743512997208 0.0649142601458129 0.186567511118186 0.168000575803914 0.105123876382768
"tnt4" 0.532740798916265 0.0641239393304625 0.0206439760457827 0.116437782379462 0.0533321220063046
"tnt5" 0.706919384207913 0.026182091270936 0.729195546719606 0.164292958232146 0.0747822351074975
"tnt6" 0.686089383278959 0.0553533963218166 0.271320288860479 0.169793103242591 0.109244546566538
"ufb1" 0.555144063487348 0.0660203761110476 0.0204938555891823 0.117738935744216 0.0565599341662107
"ufb2" 0.560785194260148 0.068252801414121 0.0205478044164896 0.120269440504454 0.0568795226177543
"ufb3" 0.654224295950675 0.0338577302688762 0.520755506882055 0.152614578834992 0.0828009510745105
"ufb4" 0.683431095300431 0.0609438898914724 0.250390177839168 0.177825900204745 0.115161218917956
"ufb5" 0.615675434204491 0.0714811281774229 0.0722634965209944 0.149057143720702 0.0843489732520962
"ufb6" 0.586099729823092 0.0700547575596124 0.0412069574682235 0.137084676570783 0.0769695269093642
"ufb7" 0.594885126115366 0.0693129176832506 0.0515892126792919 0.136218512634735 0.0755857170395639
"ufb8" 0.627012144714761 0.0571993304385137 0.239737739438914 0.142840824764985 0.0933839745422661
"ufb9" 0.71083083794346 0.0364096559745933 0.602307516845096 0.16897694483513 0.0963818735739798
"ufb10" 0.71787543570604 0.0528242194148178 0.39689394033653 0.195804130084081 0.128814994375226
"ufb11" 0.718598123009888 0.0421828207295339 0.489429533441521 0.190069045025798 0.10733160709862
"ufb12" 0.66044478015194 0.0520296605140855 0.242027521266641 0.166180293708953 0.0956211015800172
"ufb13" 0.654079189474251 0.0607963418372169 0.15629938809182 0.157030100716819 0.0868298669393077
"ufb14" 0.658997882424729 0.0648088316512329 0.145821160206325 0.160986284646792 0.0917355861943545
"ufb15" 0.570503569264452 0.0709110935547087 0.0207206937659526 0.129411749573837 0.0569467808018162
"ufb16" 0.780313837375178 0.0524755668899581 0.478922969496209 0.19454181447509 0.127863583322773
"ufb17" 0.754770474332938 0.0431534710032865 0.552022183978757 0.203067936033774 0.114012534821306
"ufb18" 0.600420134990118 0.0701175488024207 0.0411176806512273 0.140660276628481 0.0753224658307408
"ufb19" 0.621863729560018 0.0672595641188151 0.072963681191376 0.14880159260901 0.0809478060472541
"ufb20" 0.530360504438096 0.0636755009518428 0.0206572729587423 0.115535861946728 0.0507398428176385
"ufb21" 0.755442254812099 0.0498479252782068 0.462937875560739 0.181809743365502 0.118946781441192
"ufb22" 0.534177039082615 0.0652919058533668 0.0206696690250437 0.118444811383506 0.0524828832793926
"ufb23" 0.636110877074732 0.0329656422665005 0.499911055484253 0.143621090119842 0.0749665661095049
"ufb24" 0.606378793555639 0.0414376168322296 0.374882404188991 0.132129907882653 0.0856977065541419
"ufb25" 0.733435593849989 0.0480089060359642 0.520861126118396 0.184805683660657 0.122474772524311
"ufb26" 0.522807092373208 0.0619985389743337 0.0206813020834484 0.116061658903413 0.055318694846372
"ufb27" 0.600960697477475 0.0700809321826745 0.051554201597561 0.140722887308827 0.0759297821034813
"ufb28" 0.569441605388607 0.0659390939657949 0.0307914152336398 0.129306350122789 0.0661960963724482
"ufb29" 0.609799885471964 0.035013395652487 0.48941191922191 0.131687924634421 0.0844429528791233
"ufb30" 0.64539814445899 0.0315840660122347 0.583229564731629 0.144597557070278 0.0839830789190829
"ufb31" 0.783540038214348 0.0606347302984997 0.437206010472477 0.194387834077599 0.137978955003618
"ufb32" 0.643045369215163 0.051707133827257 0.281630054771064 0.151385345550968 0.086795668173193
"ufb33" 0.714406588447653 0.0525150823386379 0.368350758965092 0.193937290345658 0.119704995756324
"ufb34" 0.566374865091738 0.0288429405053901 0.55203038656961 0.174545619852319 0.0782042459085331
"ufb35" 0.80352484317435 0.0488489084858145 0.518676827084765 0.222486541243793 0.132043838531805
"ufb36" 0.682589821741941 0.04265785315588 0.39202908314768 0.187988597326549 0.101323246572154
"ufb37" 0.620854175366272 0.0653478154302251 0.0834208658956935 0.15016210101576 0.0807465663785146
"ufb38" 0.737262434290336 0.0455486333615137 0.403461275267644 0.194949003562003 0.109036299644705
"ufb39" 0.532333745596058 0.0639598617731286 0.0206973294254322 0.115325341843577 0.0512572393463171
"ufb40" 0.541766163297795 0.0645943519652824 0.0207091778563735 0.116937747340881 0.0466918426365297
"ufb41" 0.556165333842534 0.0652807566435508 0.0204615752666386 0.120060973627249 0.0609238794713834
"ufb42" 0.701542250958659 0.0326310957740215 0.687392525376806 0.157954007381546 0.0911870988940622
"ufb43" 0.564505075036655 0.0697401997516015 0.0311625688401478 0.127676492428071 0.0587488192496562
"ufb44" 0.764023092040616 0.0463344954125607 0.497679813286016 0.207592588800144 0.11671562088527
"ufb45" 0.643742282269194 0.0540885271654122 0.269824974932481 0.162612053070455 0.106451654659936
"ufb46" 0.540642424349157 0.0654320463712662 0.0104378323596594 0.11841110221388 0.0551800533491734
"ufb47" 0.62720008495049 0.0315948283537495 0.541659254623688 0.144365265423394 0.0828099914981742
"ufb48" 0.569564515571134 0.0684413866051891 0.0311876585832342 0.128454473887167 0.0631620215769817
"ufb49" 0.620032481835318 0.0681394324289594 0.0825569803768718 0.146007822117279 0.0777043768804923
"ufb50" 0.770183209180592 0.0449709056820305 0.552081480322589 0.204512491828258 0.124071676703866
"ufb51" 0.682392359102315 0.0645371003229347 0.145026441470757 0.174708829360918 0.0862483730820521
"ufb52" 0.740989533777355 0.0447388593529703 0.440221946156328 0.202214711745855 0.112017331907458
"ufb53" 0.544417235700302 0.064695571509048 0.010246399161893 0.11679207081094 0.0420926963379042
"ufb54" 0.674949738640933 0.0516463156541314 0.291422429213032 0.165154638091474 0.0913640532368902
"ufb55" 0.674293689295389 0.0563412646331073 0.249784370177135 0.162360809190313 0.0925201627522009
"ufb56" 0.545959230557701 0.0657673247569374 0.0102682494373909 0.12491588825671 0.0420043285559055
"ufb57" 0.59837915056112 0.062866160053886 0.0826949925430071 0.139998784182332 0.0696733138954392
"ufb58" 0.615253201701142 0.0560711528319655 0.134079056332098 0.140647193440956 0.0836632782423593
"ufb59" 0.632802076891444 0.061012144573942 0.123806988999435 0.145667312474068 0.0832158977103978
"ufb60" 0.595683401855693 0.0678129765030546 0.0619225184718129 0.13899596702352 0.0718428225599471
"ufb61" 0.647121595695165 0.0469660610522519 0.30213083362927 0.169425144922787 0.0951266724052746
"ufb62" 0.670415324610728 0.0643625052883461 0.178621612344925 0.158096491661402 0.0928996244972239
"ufb63" 0.682826180126125 0.0466660504173359 0.373105622365118 0.166974345079444 0.104000118702415
"ufb64" 0.690299831797911 0.063787867471134 0.208483654722414 0.169247674920207 0.103507267240823
"ufb65" 0.565304147262706 0.0682439137356802 0.0207206937659526 0.126603939830898 0.0465917199016948
"ufb66" 0.56636458815525 0.0695745316069749 0.0205478044164896 0.122897725789225 0.0633254538182636
"ufb67" 0.687111163282075 0.033487011339192 0.631581677911707 0.204248070884125 0.0930678386752182
"ufb68" 0.729345480700072 0.0395099580579516 0.547331209279274 0.181555120680834 0.107582266702923
"ufb69" 0.661337613278268 0.0602033816480441 0.157746666244253 0.158730887768875 0.0870479405457132
"ufb70" 0.634786234182128 0.0549020642860669 0.271104774679126 0.14620312927704 0.0935500016987669
"ufb71" 0.654817199115091 0.0683107616044472 0.104231502230742 0.161647348338441 0.0835213746862566
"ufb72" 0.648064565830139 0.0693852123986088 0.0937585754794552 0.157169413219683 0.0843391454332681
"ufb73" 0.654159248319937 0.0548736853325755 0.231329579692075 0.152878263710224 0.0898383787556948
"ufb74" 0.573237075612972 0.0492191808527585 0.145947005365688 0.124331116208208 0.0696034007155266
"ufb75" 0.524287010404075 0.061835752195031 0 0.114308215061123 0.0455146635686776
"ufb76" 0.572678923917877 0.0645140503421729 0.0307465334466774 0.129815351558477 0.0608148400426925
"ufb77" 0.542795209003432 0.0657012291543561 0.010246399161893 0.11845432383104 0.046761081128843
"ufb78" 0.674365312137437 0.0512123954264576 0.291494795865961 0.166727582081099 0.0898137389867923
"ufb79" 0.549559822872301 0.0653832778370481 0.0205478044164896 0.116778752776608 0.058846145398802
"ufb80" 0.568513726024344 0.0671508723915715 0.0208718701154609 0.123916414176207 0.0617852011166899
"ufb81" 0.668755760368664 0.0616049826352813 0.166651770817953 0.158854255141449 0.0916639098078279
"ufb82" 0.637270227404982 0.047152845380555 0.345270425160629 0.166065104278268 0.104036401295376
"ufb83" 0.618274446757201 0.052942160892593 0.175596136364069 0.145238083125464 0.0844421779017858
"ufb84" 0.556220846519376 0.0665128497861556 0.02052237480761 0.117740713592532 0.0576719515944733
"ufb85" 0.613473909501052 0.0635596005947423 0.0826093109974555 0.148142591340831 0.0736613987618669
"ufb86" 0.678876138280942 0.0445191356434045 0.39573833274146 0.163020927595964 0.106288996624414
"ufb87" 0.69788383610986 0.0422004814541247 0.482473882082326 0.193710226568562 0.107252074236589
"ufb88" 0.662091869682153 0.062046348606263 0.143761307106496 0.164605896741236 0.0762244517439972
"ufb89" 0.670235693323551 0.0399194163932235 0.424339167254838 0.175045060015721 0.0935971871481279
"ufb90" 0.615221114545591 0.0689143910968652 0.0625961402556415 0.143658670465048 0.0724307438018835
"ufb91" 0.583364507183662 0.0690277190663171 0.0411824685044078 0.136415686632468 0.0767475563304476
"ufb92" 0.573453450466031 0.0718315200232397 0.0206103539321009 0.125797351357666 0.0672349021970986
"ufb93" 0.663760774741376 0.0653037562759151 0.135385984736037 0.158068980159586 0.0862977192417627
"ufb94" 0.637033184229689 0.0610223011622959 0.124227103724631 0.153352834163887 0.0700515790754543
"ufb95" 0.579846776107871 0.0713606004159071 0.0414865031172187 0.133775092175809 0.0662836713430914
"ufb96" 0.565201547174011 0.066828758668382 0.0311907666714663 0.127056737615673 0.0640919486569984
"ufb97" 0.557235975482309 0.0667025658581194 0.0205914086694585 0.119184371848 0.0532567302435721
"ufb98" 0.594577403922237 0.0642530036452817 0.0513893288563655 0.136518258842217 0.0686193921880176
"ufb99" 0.587476444759444 0.0668916835791184 0.0313112514969434 0.128218320853806 0.0631303584515255
"ufb100" 0.579727419582503 0.0345708472415327 0.427006919813783 0.123991315242113 0.0757169289444482
"ufb101" 0.788453658936327 0.0441092369905486 0.551844294947264 0.200655814907188 0.114214603106805
"ufb102" 0.78324951711417 0.0472401223754394 0.545851785971322 0.225003032796707 0.128923006911942
"ufb103" 0.693191695576256 0.0513866157837204 0.416250457319765 0.17259882479651 0.107753194007039
"ufb104" 0.567148213236515 0.0653753387756752 0.0208722960955515 0.122527403444534 0.059384257400393
"ufb105" 0.638953479682192 0.0694963848938981 0.0720956250070281 0.156109556166918 0.0826913511005456
"ufb106" 0.676099079890263 0.0623235924280134 0.175145789083592 0.167611979927531 0.0730817084990599
"ufb107" 0.582930217790146 0.0665750804949701 0.0412323183330822 0.133522739509131 0.0692074630726491
"ufb108" 0.660297121962429 0.0698607971315805 0.124216210707212 0.16139866658442 0.100457791455268
"ufb109" 0.609280553002018 0.074693269929453 0.0308337387334502 0.153565211465395 0.0708310236933098
"ufb110" 0.560033219079218 0.0673579883775832 0.0104409284189826 0.128027008763302 0.0574527730618978
"ufb111" 0.553656914605564 0.0659784693958675 0.02052237480761 0.119316891882039 0.062185451275082
"ufb112" 0.536554361930052 0.0651640724827701 0.0102200616743635 0.116323578611084 0.05062805890439
"ufb113" 0.552274594284073 0.0645735212462779 0.0204938555891823 0.117274543901628 0.0568107928614299
"ufb114" 0.657940182054616 0.0584704725290717 0.207300324709116 0.15869274318486 0.099050204348165
"ufb115" 0.623094665062174 0.0367624488309276 0.414049123525685 0.162699666029588 0.0790890630566247
"ufb116" 0.57233400049159 0.0422766999668391 0.311074246691021 0.130508604085716 0.0855450683954086
"ufb117" 0.569373118191704 0.0447653303598998 0.269629875415758 0.125003164743645 0.0856281345133272
"ufb118" 0.521502694513072 0.0618404530159479 0.0102454779124627 0.110111106981457 0.0445749784567846
"ufb119" 0.70359143561275 0.0605791618906123 0.250311650775168 0.173843502175768 0.111209861502159
"ufb120" 0.597319719208679 0.0314302894454058 0.468703674731382 0.140119053042039 0.0766879044353252
"ufb121" 0.671790574344607 0.0483303641070227 0.344702444164181 0.170466232947385 0.105364039515393
"ufb122" 0.783814342110306 0.0459439033515517 0.505255920355818 0.205816260284454 0.124748843284791
"ufb123" 0.569260771984176 0.0699698377069848 0.0104360755349813 0.123154787393249 0.0641181316512665
"ufb124" 0.654181914377673 0.0370738477666592 0.45822215268865 0.167361157804486 0.0953159190671258
"ufb125" 0.590052674708119 0.0646390488938986 0.0724777047610394 0.132451509524035 0.0726199827091026
"ufb126" 0.55721106009897 0.0663523290883523 0.0104406346990019 0.124625490571784 0.0537341132862831
"ufb127" 0.67267242784934 0.0655058592612662 0.156406948688564 0.15942413363527 0.086607369028994
"ufb128" 0.635324721430368 0.0690869730444832 0.0825360759087327 0.158143197902212 0.0910281125883335
"ufb129" 0.675286511901264 0.031973708244254 0.621050993252976 0.196328970404748 0.0888286924664306
"ufb130" 0.65950985741738 0.0510401262293523 0.293227863450303 0.15965564002395 0.0997630878935726
"ufb131" 0.652495298079867 0.0392784489340851 0.399892148928064 0.173532671979854 0.0932470771161678
"ufb132" 0.530448959589867 0.0639734990974436 0.0102054604613218 0.114360258569079 0.0490091089734938
"ufb133" 0.745617637522966 0.0415901771667913 0.536680013301243 0.189990549766599 0.106371788115293
"ufb134" 0.635084594376848 0.0650246074902482 0.0937837326753793 0.151093579362118 0.083855420479819
"ufb135" 0.763924312776579 0.0548990261664426 0.414978104016336 0.20280541037041 0.129537308164468
"ufb136" 0.751873930799179 0.0692120088446988 0.27999081635039 0.194824107738726 0.134502146857932
"ufb137" 0.647294684837347 0.0406388170699271 0.418404363811554 0.177255236530998 0.0948507659454812
"ufb138" 0.632030505243089 0.0239410930964841 0.70835258670196 0.147873198429651 0.0648789694549552
"ufb139" 0.648338790244722 0.0551239453713172 0.178823101585683 0.154024985036948 0.0882799427563312
"ufb140" 0.585357202524 0.0684356506084843 0.0618879292336083 0.139088481850332 0.079127464444443
"ufb141" 0.581583681993608 0.0671876695343672 0.0313095628390008 0.127189204036022 0.0636098805004282
"ufb142" 0.604315472149045 0.0513110156284008 0.218920508048532 0.136924136079113 0.0819792214996537
"ufb143" 0.688497564630948 0.0389602601847404 0.562371955723997 0.152057715961427 0.100594953763723
"ufb144" 0.789400801352993 0.0519472336224861 0.572860905449698 0.199583643520301 0.127636366931489
"ufb145" 0.563877045442793 0.0667790305185441 0.0208717217813644 0.121317396682072 0.0636805920576512
"ufb146" 0.592951737608014 0.0649825914319876 0.0826173065263146 0.135958627841802 0.0698811906098197
"ufb147" 0.619856176464887 0.0399970033013676 0.385233488576441 0.128771279585295 0.0887824598609113
"ufb148" 0.60246575304204 0.0690914022699105 0.061860881627932 0.140572616046485 0.0756711585060886
"ufb149" 0.628137234582488 0.0715810234489104 0.0617826446902825 0.154075979089908 0.0880937228973301
"ufb150" 0.666992607866166 0.0565372790645698 0.218914719715271 0.162500154740535 0.0895416134332768
"ufb151" 0.558233249677384 0.0636700662722316 0.0312027321470961 0.124147077406769 0.061031107669442
