"quartet" "cluster" "phylo" "mutual" "shared"
"mb49" 0.828125783640102 0.0353942094753696 0.833368359387596 0.236934463385654 0.118335827375903
"mb50" 0.662001843968982 0.0810412521775883 0.0831245691437252 0.175216587499915 0.0979041484436872
"mb51" 0.89200776869801 0.0518522346430772 0.760503804719914 0.262478124100448 0.165540170435424
"mb52" 0.778164660593869 0.0634975593405577 0.466287076398241 0.225057812448832 0.144573031629268
"mb53" 0.762031466913466 0.0326695619053157 0.736737664138308 0.214185923893687 0.103971450528421
"mb54" 0.947828348504551 0.0387910263900189 0.891216835594636 0.267076534746111 0.133527538126323
"mb55" 0.67169054866731 0.0686583152703285 0.125131969288623 0.179884741197877 0.111923865344053
"mb56" 0.627421911072841 0.0849610840030161 0 0.161858285889886 0.065849052958948
"mb57" 0.685752450376157 0.0891478748157028 0.0521901451418733 0.202776762680055 0.114968748433786
"mb58" 0.903920850128252 0.0282043663808916 0.906153459601956 0.191416844487843 0.0929401781158521
"mb59" 0.878556849561772 0.0314976971172308 0.85406786416321 0.212753747845684 0.103114639192952
"mb60" 0.784389540598991 0.0320976634837568 0.708239638856871 0.203185991778129 0.0986488028816024
"mb61" 0.770916228977665 0.0376393048361936 0.663085605651901 0.232599715496835 0.111672009309843
"mb62" 0.806508740526336 0.0482228947249106 0.556374459020281 0.230206501714676 0.139174886406579
"mb63" 0.849163449163449 0.0376980451674334 0.763345938999525 0.248433322545131 0.119367464064372
"mb64" 1 0.037422087611261 1 0.260676524209509 0.131570348748755
"mb65" 0.829803834150691 0.0339926237072497 0.797892025708568 0.227674950705766 0.111890218850999
"mb66" 0.748865441343317 0.0435325673330506 0.572825390544959 0.207807854437687 0.129219522517991
"mb67" 0.856567433677485 0.043719229177041 0.726319291327141 0.281938508215981 0.138115895333549
"mb68" 0.764760242324674 0.055387205308039 0.437283327455944 0.216971461813487 0.140347932644218
"mb69" 0.8473630831643 0.0425597133210052 0.680863696807307 0.270653298328152 0.130990126620472
"mb70" 0.799002992909542 0.0650059808325936 0.359068771973777 0.246611120425352 0.162605393695525
"mb71" 0.7592581048677 0.0773873793279736 0.258778039602384 0.232686985237192 0.164787032701968
"mb72" 0.72818148228756 0.0845853123342488 0.133809591214864 0.217453342824088 0.133609116551312
"mb73" 0.732596214999055 0.0671863153520132 0.258141482079718 0.206217611942894 0.134520023241978
"mb74" 0.91770936775902 0.0308553029845971 0.906256202500069 0.20956641123308 0.102021699386055
"mb75" 0.860687737312156 0.0371041235836765 0.791708989694073 0.242257166576613 0.119295573029159
"mb76" 0.753981936064161 0.0621011525152878 0.304105496724802 0.207519072197199 0.13147284787918
"mb77" 0.794114973181005 0.0572726559362557 0.408374659263122 0.215922850677919 0.136177767500504
"mb78" 0.682796779581112 0.0627561059664223 0.218203661037852 0.175385407168003 0.124618465991778
"mb79" 0.67107382178979 0.0650521637644966 0.158263784164971 0.169076223216186 0.11450162770568
"mb80" 0.589538716152686 0.0729203381377416 0 0.144746467738949 0.0626880406778347
"mb81" 0.752092450851736 0.0826418629310093 0.217377018016868 0.229898688400782 0.156530799434373
"mb82" 0.681510701108722 0.076514319607795 0.145630580439348 0.182173901449723 0.117047261818698
"mb83" 0.641907973837677 0.0795136872811739 0.0418049945047504 0.164078483699416 0.0766879322410977
"mb84" 0.791378155014519 0.0341042356325928 0.739469279908158 0.222236201751988 0.107316507670233
"mb85" 0.650284825966571 0.0797448240081131 0.0734144087631164 0.169232790163565 0.0799990415152752
"mb86" 0.791947209715395 0.0558496285225909 0.518124167810476 0.225599346648794 0.140713432660225
"mb87" 0.857676503548749 0.036171389249473 0.76016995231611 0.230808535158187 0.113360824642269
"mb88" 0.714424497979516 0.049548789091251 0.426986661033433 0.192352759334286 0.121187907972933
"mb89" 0.685124547807431 0.0842716313467534 0.0739257428969105 0.199238219721073 0.104849712993387
"mb90" 0.670580844366324 0.0530489702056609 0.301825185683488 0.181970018223843 0.123449708951309
"mb91" 0.713519039100434 0.0567052484091124 0.354027355183492 0.190051043209258 0.12878198379808
"mb92" 0.621411266050117 0.0857101347003985 0 0.159018394415786 0.061648490455441
"mb93" 0.666806457366247 0.0677222921416042 0.135726907744382 0.167458293588662 0.106381298133352
"mb94" 0.622507663993043 0.0781663107168183 0.0103505257203125 0.16351439915492 0.0827402493049095
"mb95" 0.577148293990001 0.0693138390853957 0 0.136802288944463 0.0566256058422359
"mb96" 0.723747348278012 0.0655500000593337 0.281141272209558 0.19337036554151 0.133911897262373
"mb97" 0.733678537028561 0.0596188409438276 0.322731983175895 0.199709330045395 0.127080941338137
"mb98" 0.693397355460618 0.0523617070297017 0.320577640763804 0.176847185272478 0.109568329583593
"mb99" 0.634372932592814 0.0647126783968216 0.0833057697760187 0.159409402030869 0.0805271994285139
"mb100" 0.856076968387984 0.0324637232791674 0.79160624679596 0.210049601027253 0.102435540667103
"mb101" 0.80626910052036 0.056332256679269 0.560174907764557 0.232543413872534 0.13916770341486
"mb102" 0.617809979971993 0.0764033241142232 0.0209040545662309 0.153424178687064 0.0725636625038085
"mb103" 0.710144710397274 0.085187809856104 0.0844449249572336 0.206171040278636 0.114226565515424
"mb104" 0.755994101844184 0.0453980596808693 0.44509159312907 0.20241969437551 0.118332383666195
"mb105" 0.778840782122905 0.0478406197155883 0.604240173575689 0.195067108705238 0.137512585423023
"mb106" 0.711070382870298 0.0390842950727756 0.553742394623803 0.188904442069613 0.112505727666046
"mb107" 0.644915800156792 0.0782174889179161 0.0422203224600084 0.164921959437082 0.0771963245111447
"mb108" 0.750079314720812 0.0230873685452868 0.663813526493643 0.154577341316011 0.0735888464234477
