"quartet" "cluster" "phylo" "mutual" "shared"
"mb49" 0.658874855116081 0.0765130931312833 0.0520636077520238 0.171380760165897 0.0938890555759498
"mb50" 0.873573559354136 0.0384549809651005 0.810453099244443 0.250695409334452 0.122103265139027
"mb51" 0.726742413745324 0.0715839039567605 0.217690557759586 0.201939534847726 0.12430260740159
"mb52" 0.758663708803707 0.0694675564773272 0.249529531007844 0.203467847453677 0.14025660680944
"mb53" 0.972589329417523 0.0406884072797892 0.94791720175719 0.273060063336897 0.137576735022091
"mb54" 0.790765673224848 0.0601466152553868 0.448852733725561 0.227681562773872 0.153691620148806
"mb55" 0.612030081915508 0.0845450203945436 0.0104643540314536 0.155486599183268 0.0667210505348644
"mb56" 0.694159727923068 0.0700928398522497 0.176391663783545 0.181119265147702 0.111223287968974
"mb57" 0.895972446756168 0.0310018129763841 0.885356201437562 0.202276069410509 0.0997651585143422
"mb58" 0.747964042134677 0.0477710378851319 0.53113689927998 0.228652877848787 0.132253517210947
"mb59" 0.801469047215098 0.0594800969008861 0.447463398889821 0.228346792461854 0.157942884857849
"mb60" 0.903099957823703 0.0400857656482467 0.799865041144607 0.256474264606445 0.125732606385736
"mb61" 0.834937577432574 0.0403518813520601 0.749910104792128 0.259203797492308 0.129345551327538
"mb62" 0.838764791495286 0.0452924122949605 0.673999480524629 0.218447842590614 0.130716756088503
"mb63" 0.807258834765998 0.0418127840913422 0.715731556118738 0.267653820952558 0.132834769014668
"mb64" 0.833980902206124 0.031254623359168 0.821041157344278 0.206693147558362 0.0987982095738996
"mb65" 0.713134017551688 0.0540775697175332 0.43577976466386 0.183937958687693 0.121105771793422
"mb66" 0.862462899703198 0.0357128437798532 0.80839233051064 0.236621110310794 0.114430932927111
"mb67" 0.957549958614166 0.0338577866324592 0.916585332907163 0.224968407935953 0.11118573516973
"mb68" 0.696030454652302 0.0692534947544566 0.186947145856468 0.174694506365848 0.111342411070184
"mb69" 0.812626733161616 0.0355678963603549 0.739586008785949 0.227013928614691 0.109956056096487
"mb70" 0.689145786323598 0.071799813483219 0.165640134647034 0.189124669289143 0.101205983800365
"mb71" 0.858186528497409 0.0390547487620185 0.760336938178732 0.24904921044056 0.121348402176277
"mb72" 0.739720195824223 0.0434512962533356 0.496963061306281 0.204890386580309 0.121839194237559
"mb73" 0.807449335422247 0.0386176290277649 0.715835370622887 0.246668364718241 0.119186462140324
"mb74" 0.604429959496248 0.0702033292713842 0.123841577717847 0.157418774438292 0.0853315574415488
"mb75" 0.6591658623495 0.0711904101830982 0.155312094027878 0.175800800585805 0.0953522095271251
"mb76" 0.821619172288793 0.0375408781994544 0.736700043310113 0.24242630746533 0.115626146894177
"mb77" 0.731691303742315 0.0591380769576106 0.353210049946675 0.222068594921029 0.141073862757012
"mb78" 0.6321222848038 0.0750610742869667 0.0209177324053386 0.156417626016251 0.0812245181267086
"mb79" 0.906905055487053 0.0319950383764929 0.885356201437562 0.213289831188656 0.103705552021885
"mb80" 0.69985951856633 0.0653314599500318 0.225598420533868 0.176117415473845 0.108856900393059
"mb81" 0.680071286966457 0.0741126486665321 0.0730333300537253 0.177913191315744 0.104318782600838
"mb82" 0.675596900981253 0.0693334143833512 0.145261578626509 0.168156152408028 0.0946731388451233
"mb83" 0.678340490470951 0.0539676765453469 0.291416217416882 0.173216687998806 0.108468284776109
"mb84" 0.64303786010093 0.0753913634524872 0.0315760933405773 0.162509000522553 0.0777761473809192
"mb85" 0.762483016304348 0.0634621523706932 0.272638217673792 0.2046767117621 0.131025022469983
"mb86" 0.842451987494417 0.0365540485167939 0.736855765066335 0.23397636366892 0.111666748446239
"mb87" 0.730183694011072 0.0297345261566494 0.73943190271531 0.187756388907903 0.0899539143739277
"mb88" 0.585442623518626 0.0740663864372217 0.0416918128411524 0.148040191340339 0.0738640124194588
"mb89" 0.710532285673039 0.0544161824950855 0.292773065233894 0.178756969247439 0.11639149318656
"mb90" 0.763199200083712 0.0494924160347816 0.55648480956603 0.198588844299245 0.124922434651191
"mb91" 0.669504486133768 0.0346287909611687 0.560353900065798 0.164747520158744 0.0959254891800068
"mb92" 0.698439844646482 0.0470268777648858 0.33513040695282 0.178294802029722 0.111142010664582
"mb93" 0.593309711084539 0.0704317124394298 0.0209142845350843 0.14445048851868 0.0713715927017691
"mb94" 0.602571745854348 0.0818395528798597 0.0104628999087272 0.150199144636467 0.0650356816669465
"mb95" 0.639163921816138 0.0697117896269555 0.136003963094965 0.167135826220928 0.083889016834215
"mb96" 0.714260519911114 0.0477793617370157 0.459189762065095 0.181599579249321 0.112519545386465
"mb97" 0.724244839462119 0.0688011017955034 0.19724691036174 0.188252173925899 0.116661031043287
"mb98" 0.792720944020502 0.049260305424569 0.475732408963925 0.223461483873966 0.130684998881285
"mb99" 0.752291923024887 0.062202837928388 0.323338498036957 0.204968877547674 0.12927217236736
"mb100" 0.774371876153098 0.0632662286829624 0.3359820896383 0.208925450851442 0.137178050560579
"mb101" 0.838189124701746 0.0313650091760827 0.802095640415364 0.203403514815445 0.0990044597884196
"mb102" 0.582931905587814 0.0690498786971849 0.10323891519979 0.142002254285803 0.0733293036319433
"mb103" 0.591835294947618 0.0703928243412815 0.0413544532926674 0.142091204447163 0.0757594573279028
"mb104" 0.616683306021375 0.0733257729837872 0.0516055341382945 0.147609647550729 0.0697265108383437
"mb105" 0.60515903515514 0.0684531518950088 0.115141501058656 0.158508262572778 0.087635797771698
"mb106" 0.839116452268111 0.02616574830343 0.684849805104493 0.173981005418865 0.0825846077227985
"mb107" 0.737986270022883 0.0268555834298039 0.76334622418646 0.174950494388702 0.0830578293087022
"mb108" 0.580711424051032 0.0724139800724391 0.0417040562881797 0.147322703776634 0.0751413377198184
"tnt1" 0.644526115687517 0.0577835729083341 0.187905495648129 0.160552992930617 0.0983706883153858
"ufb1" 0.653883444375034 0.0658080161554556 0.0835369686198691 0.165535852261519 0.0997317101246656
"ufb2" 0.817646776208321 0.0393505238567703 0.68811146504599 0.194337054942276 0.110217574886531
"ufb3" 0.790962381196289 0.0492572640200108 0.504909118563151 0.222034657319907 0.137602571422111
"ufb4" 0.841678117989735 0.0516836967760139 0.666578491903273 0.211379820713779 0.144579148183763
"ufb5" 0.713656589152352 0.0628139492748989 0.238387757338852 0.200422070048617 0.118009522414099
"ufb6" 0.67658844353709 0.0484811256077353 0.333156983806547 0.182868178118513 0.103732182660935
"ufb7" 0.773303328200876 0.036001914155696 0.631286627580424 0.213132387050876 0.100554555209537
"ufb8" 0.812583964338056 0.0577463088362011 0.56990131353611 0.20482444024101 0.145393627214233
"ufb9" 0.702270241704039 0.0667283428485296 0.176306191864575 0.181315406683215 0.102889757564572
"ufb10" 0.680391357521402 0.0390874074669024 0.447828287415503 0.17830761442369 0.101563691020047
"ufb11" 0.67204125688253 0.0677228774699193 0.124973393236162 0.173242423000545 0.1116518220034
"ufb12" 0.736327707754753 0.0560659041744901 0.375775973208552 0.201911743709601 0.126954435674668
"ufb13" 0.66747324404936 0.0672136879736098 0.165555492868369 0.178158916216373 0.0893702532061399
"ufb14" 0.588634149179064 0.077840125492618 0 0.146219028602756 0.0626195410143935
"ufb15" 0.690707251051086 0.040671123141983 0.550616760430503 0.158383903726647 0.106349250583875
"ufb16" 0.637028014616322 0.0728677477526707 0.0315760933405773 0.157562966742628 0.0758475137606865
"ufb17" 0.675760265807695 0.0579302437510846 0.249823437155056 0.168867097587519 0.103836256748679
"ufb18" 0.65349689622512 0.0637182564108764 0.125390085643178 0.171471077267295 0.105487094981134
"ufb19" 0.685967480228297 0.0452867118081064 0.426958648706972 0.173714569307296 0.115455211928552
"ufb20" 0.660375336619548 0.0693557919459154 0.094589858091791 0.169092540013294 0.10460687979669
"ufb21" 0.744286004169049 0.0499545431887513 0.47110062469992 0.230841419782787 0.137506653477248
"ufb22" 0.717045123340664 0.0348658255692883 0.652436573326227 0.167480457201243 0.0979051644276099
"ufb23" 0.612392190475263 0.0506922644250655 0.198485841418198 0.151989960484958 0.0945467573923029
"ufb24" 0.66273439646759 0.0594732356818075 0.177296073121553 0.176343823248012 0.112451382986332
"ufb25" 0.667763587453316 0.0338678415625078 0.589210521284909 0.158834119876906 0.0944401124909952
"ufb26" 0.592030522014962 0.0781807747325262 0.0105705282147368 0.144168874225552 0.0590845812760559
"ufb27" 0.596319139885885 0.0702716632305519 0.0207831711065234 0.142235461200034 0.0688912338372525
"ufb28" 0.591877969714463 0.0356100525862792 0.347203707566813 0.159145806660456 0.0847656445887416
"ufb29" 0.591740985938611 0.0459702436047119 0.219616149948326 0.153009965101977 0.089503797653373
"ufb30" 0.66950827637231 0.0665141696820265 0.156808765200648 0.176371622941694 0.0886182867383578
"ufb31" 0.756075808249721 0.0266905172914229 0.791566069648333 0.171699869371849 0.0817991153970354
"ufb32" 0.729159971720548 0.0312660338845676 0.673638859979767 0.195167758995228 0.0920086421484438
"ufb33" 0.604140612083109 0.0681511396102443 0.134173682577899 0.157164544767285 0.0929550213050219
"ufb34" 0.58744684826747 0.0772224302514547 0 0.140898318679111 0.0623608386134434
"ufb35" 0.581600855469032 0.0624998741931426 0.124304550007197 0.142230784885647 0.0744272677835858
"ufb36" 0.611853080117624 0.0659183587087691 0.146565896086735 0.15570699534018 0.0808926266534161
"ufb37" 0.58997769730179 0.0784280650718022 0 0.141672538045371 0.0638420378097227
"ufb38" 0.579831161517515 0.0751311562043795 0 0.136036585520448 0.0596423727245728
"ufb39" 0.586338335521876 0.0702642885906025 0.0413928409442989 0.13840541289332 0.0756429033303015
"ufb40" 0.669831691238506 0.0533141850050491 0.312278216628203 0.171770662240413 0.104728940128568
"ufb41" 0.670289003271996 0.0698046240570517 0.114840659653232 0.177805766607294 0.108806567434603
"ufb42" 0.61990494633359 0.0699530745123321 0.0315760933405773 0.154581237911803 0.0671281467876904
"ufb43" 0.58503248329164 0.0759026325478995 0 0.140090447995621 0.0579469884834908
"ufb44" 0.77705541901213 0.026949551923763 0.785028900560019 0.176951067435571 0.0818547093352733
"ufb45" 0.576051328062465 0.0692774703722688 0.103318744844066 0.1383966287713 0.0728379878268929
"ufb46" 0.636011059444514 0.0631745683045981 0.129160677509269 0.155378589634914 0.0797598535733096
"ufb47" 0.583275791812813 0.0658631629983263 0.0207931997447705 0.137860401096404 0.0601709318119251
"ufb48" 0.650040360808021 0.0651272471152761 0.125047991265555 0.159779897955968 0.0774782593274001
"ufb49" 0.720846261121501 0.0485041338417822 0.422196385187521 0.184330009744836 0.121499289302425
"ufb50" 0.628200180614678 0.0668460546693601 0.052085667550791 0.156386862301972 0.0812948648452265
"ufb51" 0.670949599826952 0.0377822754017652 0.468685106144251 0.175266106316717 0.0990671909599019
"ufb52" 0.705292457113528 0.0586210029764268 0.221413339253715 0.187574168424648 0.115032151915343
"ufb53" 0.654171908003853 0.0688398517885545 0.146465985575683 0.171869539922595 0.0870603601377568
"ufb54" 0.584589333205275 0.0693325581475237 0.0207678619426363 0.140529003150725 0.0649972249802875
"ufb55" 0.611995591562095 0.0720785160870849 0.0207855172085792 0.145765111408871 0.0721896165281707
"ufb56" 0.586418606788208 0.0756794221285003 0 0.140838846769414 0.0603992076714039
"ufb57" 0.721974104728345 0.0428763842554553 0.445422796188204 0.195720947937331 0.115691707225433
"ufb58" 0.556412706551379 0.033738024161117 0.357741382907033 0.146853600112479 0.0754537668682667
"ufb59" 0.521769845394309 0.0397924573208879 0.208998985945679 0.125378562008027 0.0719447135281247
"ufb60" 0.725721969889318 0.0649623802542643 0.250272601308972 0.190482878232812 0.126957093226951
"ufb61" 0.60858950172012 0.0431387732123967 0.38470158790999 0.145327279155111 0.0990025070878758
"ufb62" 0.598947722165046 0.0432307928687342 0.285076373449624 0.161022379909591 0.0917774331025283
"ufb63" 0.652170863435505 0.0286736787641448 0.610421954893198 0.177418887248518 0.0841747821985229
"ufb64" 0.756779398641388 0.0469325511128787 0.497499641332412 0.218385971817808 0.128034367753149
"ufb65" 0.584122417420387 0.0764807969817002 0 0.143945592613115 0.0582328814127526
"ufb66" 0.610823960745396 0.0472605878218673 0.253169509882501 0.154264552559413 0.0964943951637165
"ufb67" 0.570569187447145 0.0685289256164985 0.0938978177184196 0.135255759436904 0.072863939841185
"ufb68" 0.676517926517927 0.0337160801978686 0.568195123788963 0.155367995391379 0.0891529911912938
"ufb69" 0.792778590286615 0.0476082078049586 0.543804256371347 0.21874109562597 0.132839846559399
"ufb70" 0.600614227514886 0.0645208043168549 0.144379275720169 0.155554825594517 0.0936809349725206
"ufb71" 0.85400198197783 0.0417043335124477 0.708241863898563 0.203855699767365 0.122919537990909
"ufb72" 0.594537295568632 0.0781911796261077 0.0209262441395299 0.147628834877032 0.0651681198291925
"ufb73" 0.599300603438838 0.0800548073056566 0.0107952108699309 0.148532225248607 0.0587888938194028
"ufb74" 0.557896745027433 0.0619865180920112 0.103473927449882 0.132927732234803 0.0721854623261424
"ufb75" 0.743150285647662 0.0477646182933366 0.449990419664585 0.212541372730353 0.124158151758133
"ufb76" 0.62920298879203 0.0397372236024833 0.464201592967878 0.152895752800549 0.0986329170585491
"ufb77" 0.570442410493759 0.0686298187342796 0.0207584963113084 0.135974858186219 0.0591784071658759
"ufb78" 0.642320723573076 0.0539811644599873 0.231939433714587 0.161213127252107 0.101170985626826
"ufb79" 0.733719026885889 0.0640050977777914 0.295046702726217 0.201633260351366 0.134891083717081
"ufb80" 0.594539951055587 0.0786112429883221 0.0105717905182981 0.144197561753114 0.0562684165699132
"ufb81" 0.597427377489783 0.0805486798087706 0.0104654986426629 0.1486488837635 0.066500463915474
"ufb82" 0.622722979355013 0.0449108560422368 0.247851234508468 0.158371721177358 0.0961956160600338
"ufb83" 0.636037691566337 0.0532473284729268 0.196550890941256 0.155820990081995 0.102747211779798
"ufb84" 0.625959868869669 0.0626548427251602 0.104319510183428 0.153610540766835 0.0874769323257498
"ufb85" 0.754085785514905 0.044885902730231 0.470658287561717 0.198688202172427 0.114475105320135
"ufb86" 0.590676919622811 0.0645946292313933 0.124220022167589 0.145415913414637 0.0800885788504841
"ufb87" 0.571504430842317 0.0636134631654616 0.125576694712853 0.138426329706028 0.0771459837468631
"ufb88" 0.555870002715821 0.063957164023987 0.0837678306335383 0.129977686985612 0.0680592563237449
"ufb89" 0.590799153120178 0.0786053421108551 0 0.141470963591722 0.06195598890851
"ufb90" 0.668052847494112 0.0644876817837824 0.182602028909774 0.163849074323951 0.0921655548943462
"ufb91" 0.664767839289451 0.0733642460190679 0.052085667550791 0.169271267384876 0.0872182640198173
"ufb92" 0.582810659469078 0.0750714212130738 0 0.138675316805824 0.0564095855741895
"ufb93" 0.53077426250076 0.0625192595252062 0.0301612767930282 0.1154085389905 0.0557460047030957
"ufb94" 0.622106415490227 0.0445628871533015 0.279465678029354 0.167325125219128 0.0835494361322385
"ufb95" 0.729166219321037 0.0526246970922951 0.295510665788965 0.191856604373595 0.116252052751006
"ufb96" 0.552906607977532 0.0625805736585284 0.0207734899679997 0.124729374354371 0.0549717076733357
"ufb97" 0.601693303239919 0.0807293083385206 0.0107952108699309 0.150758858661849 0.0643165629907446
"ufb98" 0.582337244052627 0.0734873589991152 0.010569768024844 0.144430433957349 0.0654292539833099
"ufb99" 0.803553483137034 0.047458336410624 0.562303464322588 0.219778028415616 0.132564585637326
"ufb100" 0.830036215482119 0.0408298039504586 0.687444376695072 0.199885600586801 0.119065488315174
"ufb101" 0.755761484448945 0.0423236110888181 0.513501705731122 0.195736781151823 0.118776441849899
"ufb102" 0.753734262185904 0.0561995907459059 0.410418694611421 0.206030467337781 0.137439618220041
"ufb103" 0.592049968751571 0.0784749938424037 0 0.146106479954053 0.0567903171825728
"ufb104" 0.80673470393926 0.0384464529453478 0.698997161358055 0.192139753858614 0.111555156221717
"ufb105" 0.872365415986949 0.0325168868263702 0.819092572554597 0.210257091929262 0.103528766966013
"ufb106" 0.593392559439554 0.0789532714211427 0 0.14584703892342 0.059184915953981
"ufb107" 0.655017455442686 0.0557561430576039 0.214927491895475 0.159575412712583 0.0953492318388239
"ufb108" 0.647118567218318 0.0424820834893715 0.446441780478075 0.1451662902183 0.0966935490581147
"ufb109" 0.694013827880316 0.0473143982427921 0.391171141515563 0.212618928080724 0.122846170114271
"ufb110" 0.722994366544677 0.0410262892997183 0.475792632617435 0.187852532428911 0.108032957753737
"ufb111" 0.604852492916326 0.0685028317370519 0.0210120341898989 0.145829854419819 0.0672373737014207
"ufb112" 0.63588187391865 0.0642192130138028 0.084368717530674 0.154371514386075 0.0740337170657043
"ufb113" 0.647693121003425 0.0477581828629834 0.305006653004599 0.158558138929527 0.107252860431106
"ufb114" 0.635087310011781 0.0635246972106947 0.0834271342072868 0.152138859438689 0.0811080892536424
"ufb115" 0.668807556588347 0.0638907644908456 0.156346984727894 0.175085915698776 0.113029484141778
"ufb116" 0.699160923308607 0.0670983923768139 0.157983876979652 0.177212286375562 0.115947796477639
