"quartet" "cluster" "phylo" "mutual" "shared"
"mb49" 0.902170680939637 0.0379241628367807 0.863145879723043 0.252413355184657 0.125482484736269
"mb50" 0.656776162993348 0.0747866244709014 0.0940700488756605 0.170737245490314 0.0927956027838318
"mb51" 0.785349975120252 0.0574859413550301 0.404619634063939 0.222823208601007 0.14981174360086
"mb52" 0.78905093547526 0.0785901817813082 0.270732044716831 0.237497861792912 0.161649953645609
"mb53" 0.97684243467376 0.0361353160142848 0.968785299654848 0.246572922143537 0.123259243662974
"mb54" 0.693291105017187 0.0422826804513732 0.410014990540123 0.196196321227791 0.114132577133215
"mb55" 0.857779810220647 0.0342979103102861 0.781240372821405 0.220859599506491 0.105096082978191
"mb56" 0.642848702917388 0.0890359049223675 0.0104374675787396 0.170680549707834 0.0851108350417488
"mb57" 0.598345158623931 0.0838891801106225 0 0.153191874500684 0.079386816705118
"mb58" 0.694988016468564 0.074326186003371 0.135709804086001 0.188099043032603 0.120339822159779
"mb59" 0.87001647446458 0.0396917563726074 0.768312917507388 0.255387518479046 0.124189287025664
"mb60" 0.787227462501933 0.0385232665965996 0.635332161432334 0.238610549987495 0.113661643389929
"mb61" 0.905126736359731 0.0314220403935082 0.906201864107025 0.210344620167418 0.103410614521915
"mb62" 0.84252821155819 0.037361078569169 0.760447687575472 0.240591340557826 0.114462104467082
"mb63" 0.720004121374478 0.0359633913150672 0.595837274365898 0.227258717933556 0.107285167061921
"mb64" 0.732543502406516 0.0546836236360402 0.407438763388833 0.206883898753246 0.13350762427333
"mb65" 0.71787045528166 0.0664891777193083 0.21908897825749 0.194145832364463 0.128403442524471
"mb66" 0.809973532242541 0.034153895037305 0.749974327523747 0.218810812203677 0.105702543699188
"mb67" 0.674267157725288 0.0602928233535082 0.188016194757846 0.168117761470863 0.104839045146309
"mb68" 0.768313664938789 0.051618167853242 0.468729346332472 0.199052386032633 0.128229125164148
"mb69" 0.801475304682489 0.0321367359204354 0.778999797572176 0.21314797226712 0.0980234872681078
"mb70" 0.756976613605098 0.0590109064327125 0.416606356758133 0.201187372481028 0.139989983967508
"mb71" 0.734853518653148 0.0814960368957387 0.124841881741631 0.209045930871785 0.127127242399647
"mb72" 0.804972560847891 0.0442250064219349 0.614473381509405 0.207768872286752 0.12654020064576
"mb73" 0.678915368570541 0.0640795505101256 0.156692690275942 0.168645710018671 0.0951855005101043
"mb74" 0.633144590252339 0.0774316981267709 0.0521216353904403 0.164121638232882 0.0893788020066448
"mb75" 0.6467477971389 0.0770096024896567 0.0836143404066137 0.167313464800741 0.0928202381287702
"mb76" 0.823269418264543 0.0284800235022344 0.833299103364996 0.18668529434952 0.090025170907826
"mb77" 0.751259584622049 0.0567198620862766 0.362711813675157 0.185213789239094 0.116770660542658
"mb78" 0.688234145816084 0.053242910210403 0.29287224171693 0.176259777300788 0.115343406530087
"mb79" 0.793714096788858 0.0446998092009664 0.581404692942259 0.210946978697628 0.122953928914855
"mb80" 0.795190139516499 0.0629927956984154 0.395830579510996 0.241015902066314 0.154076349458262
"mb81" 0.846419902912621 0.0319126702699932 0.833299103364996 0.209074529751662 0.101464394032594
"mb82" 0.773794416243655 0.0353981995125746 0.656381571440797 0.224377562611038 0.105805731847814
"mb83" 0.786633938495739 0.0703893508200362 0.31243667459604 0.234660589900638 0.150147610036486
"mb84" 0.762659542891066 0.0328379166930883 0.718759627178595 0.206927869332877 0.098252417185356
"mb85" 0.882579579855059 0.0411740905799191 0.802084403019844 0.270392810271134 0.133001124880136
"mb86" 0.666068384548087 0.0737276553183537 0.0834511945444267 0.174987516762002 0.0951609574129585
"mb87" 0.750936620982704 0.0497379926629313 0.41320265657073 0.188706003892828 0.117659787497185
"mb88" 0.651329196117382 0.067715374352498 0.104602848360573 0.161977231773705 0.092310178215426
"mb89" 0.692009713228492 0.0345068978732102 0.600020753205653 0.211185309538535 0.0990221360987017
"mb90" 0.647186224789122 0.075160884940671 0.0844687498786065 0.166019495766712 0.0880209843560264
"mb91" 0.705515910355296 0.0700537882072833 0.158118589821897 0.190348160899682 0.12181140591555
"mb92" 0.641922435388219 0.0867700783713183 0.010437453127024 0.16755233534824 0.0784745625414911
"mb93" 0.6265791743054 0.0778919340297628 0.0417900357295432 0.157192397871472 0.0825955825442234
"mb94" 0.797130661607778 0.0301122551669402 0.810541607625218 0.2002114075532 0.0961320830930981
"mb95" 0.584837947502359 0.0789983726431264 0 0.14386158226084 0.0589321735232882
"mb96" 0.854313153832962 0.026014013636917 0.737186171567401 0.169861819414283 0.0790606325605476
"mb97" 0.684923777569547 0.0609425070583791 0.260850129632625 0.178795296946637 0.111890251552782
"mb98" 0.655102998624231 0.0640268709919455 0.135765113225556 0.158040372365933 0.0854179830174793
"mb99" 0.722678483505662 0.0454526899255056 0.473699979171705 0.206572022143711 0.120165765138843
"mb100" 0.762380329223776 0.0299833659306843 0.734035859684393 0.194093737171896 0.090862886839724
"mb101" 0.69015247733822 0.0766430396684853 0.0936475617607724 0.185082327617487 0.095626629220292
"mb102" 0.641778022230224 0.0751144334799757 0.0834861561329787 0.168379903530976 0.0989083473873348
"mb103" 0.597087902832189 0.072926509540138 0.0207629824283118 0.142782217224239 0.0691619086134367
"mb104" 0.756463442440211 0.0790056709600145 0.145703250033815 0.216297522964948 0.124790025835357
"mb105" 0.749580261332944 0.0479758354736809 0.427099393712109 0.21899035869737 0.13258304900483
"mb106" 0.785031143959466 0.0691801798632766 0.302012469190807 0.232169796378999 0.144802150343085
"mb107" 0.778485665278118 0.0497733785083422 0.46873146879372 0.232067249461853 0.135150859935727
