"quartet" "cluster" "phylo" "mutual" "shared"
"mb49" 0.898389274691358 0.0402021525362333 0.799896174717281 0.251087566065336 0.123152169867567
"mb50" 0.749483743936993 0.077376650437049 0.250146746175752 0.209032117656613 0.131726430931856
"mb51" 0.68545075977317 0.0638901523569892 0.178382525099483 0.183372904275918 0.102987926313287
"mb52" 0.884350369305507 0.0389173071508989 0.812451836904775 0.247217396078537 0.119783624742159
"mb53" 0.793809089401227 0.0572934363537275 0.417009078617087 0.206706770521686 0.140817712832832
"mb54" 0.662299455732493 0.0922731504618564 0.0310248977983512 0.174308985279966 0.0800726495719426
"mb55" 0.644679297203964 0.0916406055159268 0.0102025831682302 0.164709447265657 0.0658127997704853
"mb56" 0.654657330931807 0.0767048249591076 0.0731017697675161 0.170714208304246 0.0825748470145617
"mb57" 0.677275876896279 0.0705489755133374 0.114226610853692 0.175277832984831 0.0923020251898546
"mb58" 0.994841562269713 0.0380494503742253 0.989572095277781 0.248913297020675 0.125535606860929
"mb59" 0.954021028701336 0.03494730126867 0.927107414880946 0.226515034190616 0.112036714138101
"mb60" 0.733924868086 0.0878805946119998 0.124012779676503 0.190214142153751 0.107266842786313
"mb61" 0.729155812831645 0.0555933453439005 0.362049981582772 0.204770463198309 0.128693144327261
"mb62" 0.776387062845122 0.0509741408106361 0.570952049125391 0.239923893508695 0.141971185845522
"mb63" 0.769063731082874 0.0779222838213955 0.2280503782095 0.193026697390947 0.125470198082763
"mb64" 0.827579891951287 0.0410808373987701 0.768388265700194 0.260408491103556 0.127689202005185
"mb65" 0.807131878266216 0.0454634108664126 0.636592038610408 0.215855597171002 0.125858695641882
"mb66" 0.877570902792812 0.0379287096941452 0.808582076909635 0.238581608528221 0.116083108145778
"mb67" 0.913355012952654 0.0360738156736141 0.885447169960309 0.231427163057714 0.114261185379154
"mb68" 0.89838043823436 0.0386925209647275 0.842045153783689 0.242532661341756 0.121457718594865
"mb69" 0.798755023244819 0.0258146798834542 0.854112081825412 0.165505045711738 0.0792833493936538
"mb70" 0.859531224389444 0.0343546401825976 0.833204898412734 0.219027104150213 0.107049876966885
"mb71" 0.793027169992787 0.0411546108716777 0.702250444688435 0.250092466590517 0.123023371989832
"mb72" 0.778991154170177 0.0554083756982257 0.522131369139212 0.209476401843221 0.142697311219974
"mb73" 0.770381621416366 0.0464212224159201 0.55199988847412 0.21332067887477 0.12550190406807
"mb74" 0.671226108740026 0.0733620854974876 0.114094200243644 0.17654912458601 0.10396583566623
"mb75" 0.741168817207265 0.0806902781940955 0.208387055263361 0.20386463043852 0.120596781212082
"mb76" 0.772369877108855 0.0688629701389658 0.270293192715192 0.188814930870584 0.128356509231784
"mb77" 0.895057962172056 0.0332086921834479 0.864539986547631 0.214532976884752 0.102400861626502
"mb78" 0.740530812831181 0.0551215585173554 0.427413155643607 0.184515772489431 0.116104196097841
"mb79" 0.814462142197599 0.0354815312376676 0.768336353058835 0.219868560527124 0.105183796611259
"mb80" 0.853502060035315 0.0373292082922609 0.744636201931478 0.229772780153747 0.109099823238499
"mb81" 0.745141073189052 0.0499111991697266 0.454960603334601 0.188665729980218 0.112728462612402
"mb82" 0.70733387525661 0.055253490682829 0.353628535396108 0.181349348839962 0.120479468315922
"mb83" 0.777938859123858 0.0311307690995427 0.747261863525631 0.189915617015394 0.090613493061952
"mb84" 0.782745029723668 0.0432474678099809 0.602380691485724 0.202918267447932 0.116184311413496
"mb85" 0.75464008371427 0.0335904722670632 0.684090307567379 0.206115851603804 0.0956556912621076
"mb86" 0.68943549585522 0.0583031179616536 0.203328304625936 0.181560642412487 0.100466487399665
"mb87" 0.766753391836075 0.0725018366486265 0.222767804973141 0.187326071458564 0.125814167004283
"mb88" 0.66736201393284 0.0706883499195004 0.10487496570615 0.167562892451023 0.0812561605212317
"mb89" 0.761331924362056 0.0717554218303306 0.233462110666777 0.183249670321039 0.120062239235839
"mb90" 0.715822994475256 0.0502943433005069 0.404233763854603 0.186684209310608 0.120195321044708
"mb91" 0.720855154126616 0.0609081269124721 0.331960576255049 0.197133137049113 0.126004748516441
"mb92" 0.736179083986932 0.063015376902015 0.385957427941335 0.206926248725502 0.137379668565166
"mb93" 0.627599939298344 0.0722647527817718 0.0730872859678226 0.157477240156152 0.0682092432366991
"mb94" 0.721741658622815 0.0795545054526251 0.168398623200703 0.190221564095514 0.100970631786044
"mb95" 0.770514507305588 0.029806676514967 0.744688664661991 0.186421074233987 0.0849902870305885
"mb96" 0.720099590033509 0.0467416361006523 0.45220538475682 0.212121920427985 0.115108748545382
"mb97" 0.689825302966867 0.0830968160177432 0.0824121650116739 0.167830933154256 0.0842519796747037
"mb98" 0.695624067628046 0.0585537485271374 0.28484313688609 0.18839283607708 0.110311499571315
"mb99" 0.616376829743614 0.0709889665254152 0.0528307014631012 0.149313054513249 0.0638428623979819
"mb100" 0.743019238008915 0.0781973082602243 0.165483447726678 0.186834202175759 0.100566520789908
"mb101" 0.625679793365165 0.0873009242984452 0.010234081723437 0.154380442589682 0.0609649423769462
"mb102" 0.633518771764983 0.0728365215774683 0.0528344196700129 0.157003722759915 0.0656662752472165
"mb103" 0.645957144377149 0.0873425498207816 0.0313111635215841 0.166796522596104 0.0708456798381669
"mb104" 0.593172892473964 0.0690780246099434 0.0313800693734302 0.139704731031687 0.0626081501895079
"mb105" 0.713555898776286 0.0495354006178617 0.382997404659344 0.186573066436652 0.109303997902264
"mb106" 0.837791965469955 0.0543423370629954 0.635439402229908 0.21262753917091 0.1447451379861
"mb107" 0.738402670324122 0.0839799432719917 0.155141789091525 0.186975328088326 0.109496781959045
"mb108" 0.622796181824537 0.0862821466822947 0.0102189409839747 0.15591045656782 0.065097319085607
"mb109" 0.713758910462547 0.0860925066296507 0.124100295834214 0.18302311333367 0.088430048655676
"mb110" 0.773446457234579 0.0282401501116451 0.778769772542718 0.17671573831205 0.0819910932843353
"mb111" 0.688691689651037 0.0306845094310861 0.691601542647161 0.192408046733268 0.0911467314848799
"mb112" 0.674490997229917 0.0659831994199846 0.116509541978764 0.175679318896576 0.0906771481646046
"mb113" 0.681760159554638 0.0836148821223442 0.0423104911927963 0.165784044421704 0.0884391112563404
