"quartet" "cluster" "phylo" "mutual" "shared"
"mb49" 0.69692162298717 0.0767339917313642 0.175599671364886 0.198614061330256 0.111779967082568
"mb50" 0.858064516129032 0.0385766273624963 0.757915500820736 0.24124918540161 0.115933738208291
"mb51" 0.954443899515013 0.0380353434888168 0.893516565998963 0.248817268204718 0.122466180322261
"mb52" 0.776531911370941 0.0693891744234797 0.323376273896538 0.230512024859948 0.151032564492228
"mb53" 0.845839714139867 0.0402067485214986 0.770803366724697 0.257689929332058 0.127007076268159
"mb54" 0.954165303929356 0.0412538873951672 0.947914526194621 0.274354416080857 0.13827498596177
"mb55" 0.696865967218641 0.0831550774603851 0.0716200408101824 0.18529577222545 0.106820549748535
"mb56" 0.598277524373635 0.0777673407145619 0.020931786151233 0.151653988365639 0.0505491565641189
"mb57" 0.81983425463544 0.065686908546995 0.43956650927343 0.249947081781733 0.168692811534037
"mb58" 0.746095672797243 0.0747551055381673 0.292133817044729 0.198293100248594 0.128201324669917
"mb59" 0.805444716179688 0.0615697641611434 0.467178809426057 0.23846935225916 0.158909490787809
"mb60" 0.784318885762293 0.0430046698865037 0.617106195293698 0.203127399874766 0.121656206462376
"mb61" 0.668108848899922 0.0812985729363724 0.0833327405069489 0.176390286599941 0.101655280681666
"mb62" 0.934350333940498 0.0294458183074828 0.906205050087046 0.194246874464265 0.095102417610705
"mb63" 0.814449633858041 0.0333263934504202 0.757655951087852 0.208051146152246 0.0995929613377719
"mb64" 0.737617979628072 0.072154939706631 0.250213676518453 0.206857090314418 0.131308019219574
"mb65" 0.735320862561704 0.0848189151868556 0.134030845050741 0.202547007205493 0.132375514408673
"mb66" 0.712245884360278 0.0782446090469608 0.145925976610553 0.190448054101314 0.119564452248306
"mb67" 0.74483687518707 0.0696355649171828 0.334232401603891 0.195951017199591 0.130920160037439
"mb68" 0.857042676818273 0.0391357078831088 0.78112799309341 0.25116157463405 0.121534278901013
"mb69" 0.775390034141493 0.0580013549833409 0.417770238779669 0.214428630329157 0.142549877421774
"mb70" 0.932107708447819 0.0418710979253819 0.863126748768896 0.274987622100447 0.138608972047796
"mb71" 0.744366299873249 0.0510952082836791 0.457914723476922 0.199871138974775 0.125795051834263
"mb72" 0.708150004370757 0.0543112901079619 0.374402451914793 0.183163198879877 0.118119748497525
"mb73" 0.899972936400541 0.0344136923381753 0.915706417769688 0.228776431821163 0.113730808750212
"mb74" 0.822093319734829 0.0314008123062814 0.812512842832273 0.203261820381237 0.0989472676091767
"mb75" 0.778749453432444 0.0331466555146685 0.726253497537792 0.209272288179368 0.100075079265945
"mb76" 0.740900681152567 0.0713520625627492 0.239267959914049 0.213548307407331 0.130266236569291
"mb77" 0.610960016687005 0.0774424352297605 0.0415629639685655 0.150179682740355 0.0633083738254393
"mb78" 0.898691588785047 0.0420262905723251 0.789525594157103 0.272366260425431 0.1313399589535
"mb79" 0.829763786076686 0.0474733725453252 0.619150242050957 0.229065350400092 0.132036088643705
"mb80" 0.695479174971579 0.0784967042051929 0.115801921141508 0.180663105520241 0.109013933183204
"mb81" 0.873115256836187 0.0310003838148773 0.831620475325683 0.200963141706293 0.0974269692804822
"mb82" 0.736070381231672 0.0295464218750616 0.726201587591215 0.185773883089486 0.0872026809354178
"mb83" 0.853536438638707 0.0466993217340587 0.626548821082818 0.21906760752952 0.134120888126152
"mb84" 0.668079450212694 0.073494740517736 0.133933950408774 0.180513738647638 0.0860526936875272
"mb85" 0.633107539997395 0.07771455632041 0.0624883042078357 0.161856845305136 0.0942896458384321
"mb86" 0.785383054777316 0.0391011344505904 0.655868938478582 0.245361775776422 0.118646062276617
"mb87" 0.720422149317886 0.0532188733278602 0.405674601105477 0.17891788074106 0.120318706905908
"mb88" 0.876527331189711 0.0315256741144426 0.863126748768896 0.208836701829157 0.102204532640034
"mb89" 0.738413557352267 0.0672141352202189 0.247535360368785 0.195477394401501 0.133168603673819
"mb90" 0.64627278641289 0.076296836038029 0.0209472728467551 0.160873582046805 0.0713592159496333
"mb91" 0.801922659135347 0.0350287147400353 0.705180101980214 0.220411811991837 0.104303392743915
"mb92" 0.740227388860501 0.0306634433831881 0.705180101980214 0.195017572563516 0.0914139112895048
"mb93" 0.663602566675194 0.0775188652579245 0.0520518875654764 0.167682672648189 0.0738246124308648
"mb94" 0.717697338973996 0.073542883235346 0.189408893337284 0.193253803995241 0.114735928874374
"mb95" 0.795545851528384 0.0500371401946466 0.557810797351375 0.232616895817938 0.145315615756694
"mb96" 0.618801589852284 0.0764156584476864 0.0313659265111787 0.15582690546287 0.0877607396113718
"mb97" 0.749455899198167 0.0582419494582564 0.373836711484123 0.195165248529126 0.13618977014837
"mb98" 0.745459665811377 0.062657129544144 0.282682674896034 0.20679055433962 0.129785969612118
"mb99" 0.724970064768954 0.0555983201322989 0.428428177361552 0.184734664323536 0.12191903440541
"mb100" 0.84165840992176 0.0541893139608182 0.583436244108936 0.253301051671946 0.159811673717453
"mb101" 0.815537581237638 0.050688916931596 0.568349104496667 0.235012788830236 0.144504806353205
"mb102" 0.668577591532945 0.0788510413505928 0.021163261467358 0.171331966898425 0.0815773189101526
"mb103" 0.589131092161081 0.0750761464078241 0.0211476394143686 0.147220005191774 0.0485124855763561
"mb104" 0.587389739639769 0.0764805892157443 0.0209306892168028 0.146882968521238 0.0539135873645787
"mb105" 0.791382040262384 0.0522262063936541 0.485356229548159 0.200194011305166 0.132271926958121
"mb106" 0.710933850160275 0.0735787628351194 0.229583167363835 0.185800147430377 0.103292195400289
"mb107" 0.764592691667087 0.0625166237487294 0.303732796632863 0.205877586961313 0.130252608571147
"mb108" 0.716923076923077 0.022844804605663 0.642738564506133 0.150447009062821 0.0699369198429439
"mb109" 0.83017274898628 0.0527902206486205 0.617865043185333 0.213401767929962 0.146345448675505
"mb110" 0.611615791369716 0.0761169632948202 0.0316927866091105 0.152533435153115 0.0823246580625462
"mb111" 0.707980408043014 0.0718367432460162 0.179023821406041 0.188384400666605 0.10834022157727
