"quartet" "cluster" "phylo" "mutual" "shared"
"mb49" 0.703490425956614 0.0670286185375669 0.228985915260275 0.174022574840582 0.117632438490031
"mb50" 0.871001801130365 0.0332445384443305 0.831439085503574 0.210945383323944 0.103406633672098
"mb51" 0.711565972573443 0.0642574432987785 0.294403062933122 0.176870738119782 0.134603332675274
"mb52" 0.702534977189509 0.0897032419508186 0.134667943180606 0.198524851521704 0.114827998450986
"mb53" 0.930401997248688 0.0395577447913174 0.842129848251325 0.259150109173406 0.124568376715226
"mb54" 0.915301498780063 0.0327202430516334 0.895793740702271 0.217060277536545 0.106930939645377
"mb55" 0.84670910164709 0.0298817224065462 0.843664929346771 0.195009902419813 0.094925316337845
"mb56" 0.992486851990984 0.0360632990162189 0.9895742377289 0.243824956134204 0.122441214769537
"mb57" 0.853448275862069 0.037805225908613 0.770890047102153 0.240837839636038 0.11822315819624
"mb58" 0.726640012205193 0.083390186918706 0.113835082872936 0.212157579117936 0.105426017608896
"mb59" 0.736972424928514 0.0681868400394032 0.301718119174198 0.205025559706246 0.130319423115708
"mb60" 0.662633639624491 0.0786476797065025 0.145097042711802 0.178728764627473 0.100934000410247
"mb61" 0.892932640118837 0.0356502235659342 0.810472774919337 0.230500272530982 0.111383069866761
"mb62" 0.763302334251569 0.0550994501293066 0.375171160316849 0.207950830937761 0.136541933911582
"mb63" 0.745128455768291 0.0409884365418368 0.514169646472705 0.186396226996048 0.106912682159354
"mb64" 0.761793434870138 0.0779701283654309 0.249198320691004 0.229746934611475 0.15000907675046
"mb65" 0.860436381466046 0.0632800332791751 0.554958916820883 0.248232500521218 0.171744447804044
"mb66" 0.779604140598339 0.0342066466350634 0.688152661782934 0.21477771809101 0.102471840589198
"mb67" 0.886738471894985 0.0372861881657044 0.768332546295231 0.234546079978621 0.112636015556001
"mb68" 0.79003861003861 0.0455567560839411 0.602237109712409 0.214498846582556 0.129607857749555
"mb69" 0.838672561012536 0.0336105371809779 0.791638844817812 0.217401198993283 0.104560101335405
"mb70" 0.779386372692257 0.039305507434992 0.677006823248983 0.246661663912944 0.120822626238819
"mb71" 0.636696307795698 0.0896183820989947 0.0104581686976748 0.168443322594783 0.0780899225060612
"mb72" 0.919605747535922 0.0323848343203715 0.916645265244471 0.216407024464816 0.106258184522096
"mb73" 0.744509536420298 0.0583284334775376 0.457189574276235 0.198329318403443 0.139482145941693
"mb74" 0.875803807842643 0.0427176360844109 0.810472774919337 0.276274042663607 0.137390720206039
"mb75" 0.696247581158067 0.0720850542957274 0.218120585906688 0.187474209555522 0.108791718062169
"mb76" 0.686558888956504 0.0745781391408459 0.186779136031314 0.183608134103383 0.107068499911947
"mb77" 0.746733855916387 0.0515380342132056 0.48806637971181 0.200677308680688 0.128624755380829
"mb78" 0.765055960206076 0.0605050205260005 0.37585875085358 0.227719627197064 0.144300458602688
"mb79" 0.616248680369821 0.0821688041481784 0.0104607004635622 0.158140394900966 0.0712915597761217
"mb80" 0.75947634123385 0.0432621260535082 0.508033245660049 0.198549077551382 0.121703516887093
"mb81" 0.790956177617413 0.0343029292882725 0.739510033462312 0.218514828583774 0.106529198523132
"mb82" 0.71458010635882 0.0701893252463624 0.249471683475712 0.196051347571713 0.1165901211561
"mb83" 0.747145442763614 0.0676119305666031 0.253132389909779 0.220940584421322 0.142865557183916
"mb84" 0.709016682413662 0.0555772752751615 0.342241515413921 0.186923591342991 0.126970655305815
"mb85" 0.780264961169484 0.0363194213911867 0.644950946997133 0.227046832865316 0.107771454037225
"mb86" 0.690927794082948 0.0790899099258811 0.0739190926471663 0.191994764818837 0.0784574823931638
"mb87" 0.699457417582418 0.079413452987939 0.155499007308598 0.192166385782272 0.120092253086489
"mb88" 0.85797337579382 0.0513180825531357 0.629742765392545 0.241318766644887 0.152998055057641
"mb89" 0.716172009754357 0.0306425264145156 0.728981544364672 0.192835884247632 0.0926263822048641
"mb90" 0.753430570701563 0.0501031531532369 0.446237991846865 0.196018540131943 0.13137791297901
"mb91" 0.678681159989487 0.0851612542680239 0.104413355716478 0.184144341956897 0.0965480326179908
"mb92" 0.638792161728412 0.0782736801886347 0.113853161256992 0.166761598695017 0.0917069587204147
"mb93" 0.807540641044365 0.0502905159554752 0.635205212974909 0.202679196660144 0.142101219189226
"mb94" 0.688906490898032 0.0510725579522899 0.354144850642236 0.169174180549586 0.113510978934623
"mb95" 0.698779786622373 0.0504187244462214 0.373096133666343 0.168640379703192 0.114707567651383
"mb96" 0.87690408357075 0.0513233387882071 0.666065594049414 0.245712830463091 0.152878442953146
"mb97" 0.630409533279023 0.0779152279300699 0.0528208309064013 0.163707892463038 0.0872995335994857
"mb98" 0.624439721701512 0.0855491733901389 0.0105661578541696 0.16037938256256 0.0696604128918639
"mb99" 0.643458862073954 0.0823994273291513 0.0209151605807507 0.165288404626736 0.0890192826012736
"mb100" 0.694718473276774 0.0659978440766286 0.238355249881065 0.182643415846497 0.115303560866025
"mb101" 0.711652487754576 0.0334203572214711 0.537357009823311 0.162847096480313 0.0914597380219938
"mb102" 0.611521017525649 0.0802252283948585 0.0105684162592868 0.154967066063269 0.0661658342666096
"mb103" 0.662765379463082 0.0830812666061153 0.0316964228416035 0.173875789378256 0.0945666592807885
"mb104" 0.845155085357057 0.0360052362663143 0.71560535865119 0.222175471755222 0.10604013597672
"mb105" 0.657816696204321 0.0822656519710418 0.0721198831764652 0.171400435022655 0.0858576048030534
"mb106" 0.667602982835796 0.0655409672027828 0.157548508601566 0.161257332632155 0.101431035746594
"mb107" 0.625298590768098 0.0784561074993296 0.0316998793964691 0.159214791575474 0.0905400506534339
"mb108" 0.613985436116425 0.0828792415406323 0.0208961910119023 0.155171528961071 0.069976275507028
"58" 0.751342628284703 0.061044494917793 0.323923139079753 0.204156165202583 0.123180391428139
