"quartet" "cluster" "phylo" "mutual" "shared"
"mb49" 0.728432873915263 0.0714305406637117 0.167527351729418 0.205518403628227 0.114117590765771
"mb50" 0.850350616234594 0.0377517365590729 0.808529385862611 0.244058669042439 0.120304929431265
"mb51" 0.83263895945534 0.0487781650363731 0.631927012895511 0.227020232480105 0.139837665805714
"mb52" 0.774232394416377 0.0625298316292255 0.448181220524229 0.207249072084996 0.135349586680287
"mb53" 0.821166473541908 0.0343938282930638 0.781167867210113 0.220465678390213 0.105658534633417
"mb54" 0.764517658212847 0.0352544469846619 0.67694007225045 0.217898478446686 0.102382055170057
"mb55" 0.88118891850416 0.0287159789893164 0.861623995776971 0.188278612200408 0.089406941490471
"mb56" 0.657622356470696 0.0965908746887533 0.0104681231946722 0.169034041395382 0.0880954134554345
"mb57" 0.686774759672054 0.0695754001432317 0.155488402325573 0.175306822374623 0.113267129863806
"mb58" 0.685705741626794 0.0798437267327897 0.114211941114234 0.173449807477643 0.10338258863881
"mb59" 0.798358574408271 0.041591090937998 0.670041031456997 0.260316075149115 0.12526040139464
"mb60" 0.990889657980456 0.039766485803141 0.97919554023065 0.265307946877332 0.132776078005947
"mb61" 0.987621994763152 0.0349502728643808 0.97919554023065 0.23399549011347 0.117649729868779
"mb62" 0.765221745836953 0.0786322095852437 0.280003856561605 0.199124632732363 0.135593358597805
"mb63" 0.862093023255814 0.0355337853150525 0.812502991934709 0.227204629872781 0.110182724851047
"mb64" 0.734192825112108 0.0476373538399804 0.436856288877076 0.217425229042906 0.1201593673347
"mb65" 0.879460522618713 0.0359355827988658 0.85406053744518 0.231241555911738 0.114969354450448
"mb66" 0.791139556977849 0.040431117288063 0.670198419836211 0.249092000580987 0.11944830124958
"mb67" 0.731602314005112 0.0498364286433652 0.425037811581998 0.183647588273242 0.109029288310587
"mb68" 0.666326031418166 0.0477350297991778 0.415042179228777 0.181840065951008 0.116735830231558
"mb69" 0.889685407903312 0.0348539503001078 0.875070493327444 0.227793296350546 0.111570916352812
"mb70" 0.741188719789105 0.0431545798172104 0.563717628166911 0.198858963681927 0.115707925736599
"mb71" 0.626525325994435 0.0818647460717349 0.0209344131506398 0.150293726157894 0.0711650178057358
"mb72" 0.780617164898746 0.0552084352766896 0.494363563612656 0.210251427777144 0.134156071657022
"mb73" 0.682420357707247 0.0742199226382104 0.11524517609457 0.181015889592895 0.103929688356431
"mb74" 0.764420761078998 0.0625820517868725 0.343033268405884 0.233521443205192 0.145453183439055
"mb75" 0.832198601269047 0.042946418481968 0.739661695727871 0.271683367739931 0.132809143969901
"mb76" 0.568913537652958 0.0603745594851253 0.0820661271029425 0.129990274943075 0.0733120530154114
"mb77" 0.690688324693685 0.0656426224021511 0.197193944738014 0.174312679130274 0.117656491550936
"mb78" 0.855447610354046 0.0335242280780593 0.81032937040249 0.215291179962456 0.103619321870886
"mb79" 0.74129684288199 0.0675947834416528 0.230417004409283 0.213563893038811 0.119984643667043
"mb80" 0.813052522100884 0.0332732733957169 0.747313478013771 0.209062965775686 0.0995743052924094
"mb81" 0.866601307189543 0.0319197467022519 0.812554365962938 0.204408842381384 0.0978844939895613
"mb82" 0.646302907311278 0.0788743009723308 0.0512718848010752 0.15560403370683 0.0801047866716547
"mb83" 0.662160885946338 0.0736275048151355 0.0942430601591903 0.16949095278485 0.0963241358449068
"mb84" 0.752590912822197 0.0809479453461572 0.240984322618542 0.194537353856943 0.12252596344525
"mb85" 0.636491113647481 0.0486023574894484 0.363141859669645 0.160093680398738 0.103099066221046
"mb86" 0.738149412210846 0.0318215532768769 0.694627192014463 0.19926457792295 0.094387102134514
"mb87" 0.900531511009871 0.0321795361232326 0.875019119299216 0.211009002092249 0.101763740012434
"mb88" 0.565697462452131 0.0568874307267963 0.123573722126266 0.132901436943753 0.0774279795398477
"mb89" 0.891999916513608 0.0612925146331799 0.739419649522225 0.249366004466454 0.176888093518901
"mb90" 0.694017192306587 0.055085782441971 0.259802687555214 0.173437291046136 0.105404000395376
"mb91" 0.803367643768181 0.0525392532507864 0.635372701113144 0.211517892640523 0.1462997105656
"mb92" 0.612306673856059 0.0521522337450606 0.23829901781341 0.149316161234383 0.0859775059208681
"mb93" 0.680175508575987 0.0267054628693044 0.712636690414702 0.169233083459155 0.0794944672281233
"mb94" 0.561347450513147 0.0590872761953934 0.0209358830715165 0.123230703450787 0.0648996265166939
"mb95" 0.641777931358998 0.0910170726628169 0 0.15918153264962 0.0668439744123281
"mb96" 0.672858863077618 0.0453927214556187 0.435570364765472 0.170473052465892 0.101300275285743
"mb97" 0.635384757457026 0.0792194847893293 0.0104665799498418 0.152699587609599 0.0789689477518098
"mb98" 0.735258432419316 0.0626519634586701 0.300444814346084 0.179605272875482 0.117951095143457
"mb99" 0.635039500275583 0.0494526726849589 0.328248629166748 0.163607429465219 0.0994023377734385
"mb100" 0.686399934810952 0.040749954058873 0.526346694454355 0.188510403430823 0.109053403096039
"mb101" 0.556962809782573 0.0596284686049062 0 0.119556827634194 0.0610638377324636
"mb102" 0.634848795372774 0.0779228879480682 0.0523726037934904 0.151612033720252 0.0788299036827452
"mb103" 0.709737994177648 0.0589295661488778 0.311051351152448 0.170586944399436 0.113908835181002
"mb104" 0.640166992360988 0.0440198150663185 0.403434914279227 0.165592975561517 0.10217141229711
"mb105" 0.640885665748262 0.0785485762284742 0.0106811220375243 0.154273275295829 0.0788201438975672
"mb106" 0.732894474366647 0.0231606747014651 0.61763705488673 0.147063990641687 0.0677869665148146
"mb107" 0.625567695004284 0.0875413319817753 0.0202268980899862 0.151945553367168 0.0690475458033806
"mb108" 0.606813720959315 0.0506903207277976 0.270449490220735 0.14799323716451 0.0912838864549756
"mb109" 0.891449519468939 0.0492001733755734 0.749866146897508 0.238118928582458 0.145534758824396
"mb110" 0.917837708545117 0.0495164869722102 0.801895775653515 0.244596674970181 0.151429862687178
"ufb1" 0.660267198570508 0.0393690902112475 0.463172933562669 0.179832159200037 0.103559392067755
"ufb2" 0.702550578603479 0.0482866926355164 0.363407084915469 0.212747440454546 0.121449488144193
"ufb3" 0.600279514306324 0.0459114776866496 0.296373397398717 0.150100533734987 0.0831639752668343
"ufb4" 0.691682211699431 0.0519121948366524 0.321216275328333 0.165622063356754 0.102352996841168
"ufb5" 0.810713593834264 0.0697521424443969 0.4673983584746 0.208049865866889 0.149995961275212
"ufb6" 0.595178703178563 0.0750612825998363 0.0104690329619833 0.136906204956777 0.0595342238772774
"ufb7" 0.485154301075885 0.0526492194701198 0.0301972610937692 0.0994540456325212 0.0468091509792902
"ufb8" 0.483783187467824 0.0520985434032265 0.030744843114322 0.0994159182758573 0.0461206854566131
"ufb9" 0.680206083488839 0.0571418158773594 0.301417773455643 0.169352024447864 0.0818076006065612
"ufb10" 0.706767071991441 0.0461838067606153 0.383744364275344 0.199100716886448 0.109781751699741
"ufb11" 0.587598328745401 0.05227193001491 0.216970741171617 0.138368929294249 0.0950221935076424
"ufb12" 0.704472953434466 0.0403015858047403 0.4944300314961 0.182270894329717 0.100800449727846
"ufb13" 0.723155109632463 0.0639930938056543 0.232685543294917 0.208038698429053 0.117153786102801
"ufb14" 0.704139694717494 0.052571809780481 0.352357186979433 0.169556353900402 0.102906286281736
"ufb15" 0.621949880853828 0.0790137872871399 0.0209368011767188 0.14689902636861 0.0619987931319425
"ufb16" 0.622954564055907 0.0860094339804232 0.0202010219681478 0.150070024346281 0.0755820781273693
"ufb17" 0.600959481211474 0.0757507917729309 0.0106865983644074 0.139922169266617 0.0530046795235753
"ufb18" 0.673988965936124 0.044386402578893 0.414776890713084 0.160637444389296 0.0970966216213117
"ufb19" 0.67669626092399 0.0375467613701947 0.489136658521856 0.169815125431715 0.0986271833315532
"ufb20" 0.610203893348095 0.0397736223697122 0.366440785121519 0.145565711300764 0.0890450148270001
"ufb21" 0.571982459187218 0.0509793465354129 0.207754260134908 0.133959789921574 0.0835552952586702
"ufb22" 0.678653896615062 0.0747592804622011 0.125831686429072 0.167532692224847 0.0960266163226091
"ufb23" 0.609879670677644 0.0335849591731524 0.510564023709776 0.155512027571559 0.0937551401363136
"ufb24" 0.688988687396964 0.0486692765562064 0.325178785516344 0.176042610315439 0.0999676407902922
"ufb25" 0.683348467202274 0.0595057516624828 0.241078234604675 0.170915330947762 0.116165263231318
"ufb26" 0.781155798825956 0.051086797076881 0.457996264149078 0.22833951359518 0.13479162137966
"ufb27" 0.55656062057803 0.0594374889441748 0.0412735968593057 0.121316955780447 0.0630112735200466
"ufb28" 0.68560620128716 0.0585030776735299 0.301417773455643 0.170336174716148 0.0969395441569962
"ufb29" 0.611950463361439 0.0788902128647107 0.0314165418772123 0.157619206076771 0.0935823975537706
"ufb30" 0.704675866647698 0.0412275806175702 0.441735263705693 0.18105770256574 0.0969775315809749
"ufb31" 0.776725955808197 0.053355605532658 0.497222342429176 0.204472630938112 0.124373777797758
"ufb32" 0.641193719154603 0.0911835484253326 0.0202416808378655 0.15884228634797 0.0848095927063749
"ufb33" 0.75082998639632 0.0698111298736919 0.300611759935656 0.186930418547156 0.124378143194316
"ufb34" 0.596685082872928 0.0271295204150829 0.630385847342878 0.164360158176725 0.0746151040582244
"ufb35" 0.572207548777371 0.0548441954585635 0.102711115466338 0.12826107318574 0.0720504045188457
"ufb36" 0.835388659727714 0.0432391604889824 0.749866146897508 0.213727593947723 0.130668086783886
"ufb37" 0.683421600151315 0.0376784639916027 0.53670576664203 0.174801453596762 0.0930173428534817
"ufb38" 0.703502194410515 0.068523444102752 0.312660888344538 0.18992177227421 0.139250651822711
"ufb39" 0.624172324197469 0.0383968952705771 0.455951362116322 0.177545174295252 0.104548106463771
"ufb40" 0.765564920920542 0.0517003616346101 0.46825970515298 0.236383997638057 0.135477086873933
"ufb41" 0.679751766488476 0.0587237540770733 0.207566901390731 0.168553431225482 0.109091568677264
"ufb42" 0.720259241478637 0.0401231756253764 0.507796072222834 0.178399461259618 0.10553935984664
"ufb43" 0.622871271434803 0.0802042761866899 0.0305552646001577 0.145985292326925 0.0769767601403233
"ufb44" 0.554940575223879 0.0536315810084774 0.133860064541182 0.13000243686036 0.0758550270670981
"ufb45" 0.600208397627984 0.0564617831346143 0.191018448572278 0.143250067299646 0.0857767365552249
"ufb46" 0.588469723803186 0.075478544159451 0.0201091840578705 0.137580567329702 0.0608329665128463
"ufb47" 0.683082669812248 0.0373057684114236 0.570626114800561 0.143436905954923 0.096258073216089
"ufb48" 0.725450438889174 0.0381934702405373 0.539284361249561 0.170332142843984 0.0980416761080216
"ufb49" 0.648149160697687 0.0658529387094784 0.114607064830809 0.158193351467474 0.0853236689420791
"ufb50" 0.670981633288368 0.0351540422263782 0.542328866637345 0.161206823567435 0.0835827866180772
"ufb51" 0.772467479851254 0.057573672670907 0.531115657763154 0.200668024557967 0.140034755122435
"ufb52" 0.692575893977184 0.070883062043021 0.1164028339196 0.185932784980942 0.0987255867002956
"ufb53" 0.541252371489211 0.064287857798692 0.0305618527102872 0.116742989103669 0.0508029657054678
"ufb54" 0.836066732645271 0.0648380199188554 0.568300896486007 0.228879917463964 0.154057138632555
"ufb55" 0.478365264816417 0.0518469783463005 0.0300238262274449 0.0996265929430681 0.0514992475012404
"ufb56" 0.578851143426054 0.0461680884168464 0.233590071603764 0.135173178692782 0.0818231528591494
"ufb57" 0.623925098905091 0.0842297504119667 0.0202034251973117 0.145245453111968 0.0676546921715203
"ufb58" 0.70676429567643 0.0351700323832092 0.580562553170974 0.210588393562783 0.0962132614933509
"ufb59" 0.609652617909214 0.046866178878622 0.269314755909832 0.152995183316468 0.0888342842099778
"ufb60" 0.691849427168576 0.0701872999574766 0.137566985541346 0.186847632905869 0.0998747560493262
"ufb61" 0.625525642283911 0.06863648116125 0.0619892024171742 0.148484967016757 0.0841191664751584
"ufb62" 0.762916054511373 0.066951730868539 0.343373515160032 0.197360900126523 0.134000383300653
"ufb63" 0.733285702176098 0.0504725266718224 0.395456232488448 0.181879387090635 0.113991559335914
"ufb64" 0.60821124263033 0.0545231869523775 0.222229832367739 0.146935771837729 0.0836498758950631
"ufb65" 0.643617501337489 0.0904485899036479 0.010576400179913 0.160616964008985 0.0775921331707645
"ufb66" 0.727491927705791 0.0426626765478058 0.531239661960053 0.198537297382883 0.115209274690448
"ufb67" 0.645929339477727 0.030755167823497 0.627570280887967 0.18680778597692 0.0880856250609426
"ufb68" 0.637583384359066 0.0908357277951386 0 0.158067487346507 0.0647814942330007
"ufb69" 0.745607297167547 0.0415457052336259 0.539284361249561 0.190101004043699 0.107757454476423
"ufb70" 0.552914759767262 0.0677303306649078 0.0305561371148711 0.119938483061834 0.0568443991868195
"ufb71" 0.653483329578734 0.0519242337473493 0.228321267766753 0.163309725133908 0.106029311950306
"ufb72" 0.605721569753674 0.0804842401913212 0.0304267377035752 0.144685782194483 0.0726813708968785
"ufb73" 0.601966796363319 0.0809110750854803 0.0201275893656917 0.142570837569645 0.0646388701081426
"ufb74" 0.65176396282595 0.0385612443761481 0.489211169551269 0.141642699281659 0.0896134620992209
"ufb75" 0.755674206387729 0.0507027128292828 0.425596866875866 0.228706827459214 0.135265527713434
"ufb76" 0.531573527670398 0.0557992027367569 0.0507071639241807 0.110431800202967 0.0552273536724671
"ufb77" 0.799860194853423 0.0420917491227149 0.666606873158393 0.203461574565491 0.122822327223796
"ufb78" 0.632030231540372 0.0877515214926878 0.0206462748607281 0.153270051209233 0.0740489020831557
"ufb79" 0.749187296824206 0.032194959420449 0.694782930122301 0.196063773041447 0.0911829494533073
"ufb80" 0.568378864714543 0.0470369680518385 0.158691614201829 0.130642658802278 0.0742668537302694
"ufb81" 0.687035488110885 0.0374726729504247 0.531646743203649 0.170365561158782 0.0908031757537827
"ufb82" 0.560792795879689 0.049109493859753 0.196423079542616 0.135738141742581 0.0842859991345706
"ufb83" 0.609205600443725 0.0803569109023115 0.0304018738324153 0.142397570474114 0.0709602313339717
"ufb84" 0.588371907845843 0.0402445535385099 0.395092192349251 0.14546166676421 0.0897011200597123
"ufb85" 0.571252488133517 0.0430710299513166 0.269314755909832 0.139500129800112 0.073105678884101
"ufb86" 0.58711275157447 0.0489804316876919 0.22219456245652 0.135057559074487 0.0912389006104476
"ufb87" 0.670914167084258 0.0314832611440619 0.589254620015846 0.186853325948473 0.0842997899235075
"ufb88" 0.77436018398396 0.0403872756254237 0.589280613518833 0.186802979789191 0.111028621908147
"ufb89" 0.649507514350241 0.0757810014814592 0.0825218470512703 0.15477509124411 0.0850622898220896
"ufb90" 0.666445267812932 0.076844180599305 0.0741167459759786 0.161153638463688 0.0863060091842503
"ufb91" 0.681101167905354 0.0360467342159815 0.531139954720698 0.164328428387208 0.0858715201066277
"ufb92" 0.534255185417976 0.0270673628188802 0.565112530020453 0.161650069395018 0.072376915132408
"ufb93" 0.604599765177153 0.0286594194842193 0.568335843723961 0.167135232509451 0.0776658769173622
"ufb94" 0.6930283631606 0.0374086799925337 0.526226773540751 0.171914913270603 0.106776357489923
"ufb95" 0.765340336232971 0.0379555840200207 0.666606873158393 0.18289030809437 0.113989420205828
"ufb96" 0.603854065708013 0.0811382306186442 0.0201749803834539 0.142574037534803 0.0650012892225882
"ufb97" 0.563382462579572 0.047531749969966 0.228723493294392 0.135819126249513 0.0824414587193519
"ufb98" 0.682429830833929 0.0594658370777513 0.217968497665716 0.169122057332113 0.108262448580601
"ufb99" 0.557249262441929 0.0694557697314017 0.0305236846671334 0.121795289346725 0.0537897096852224
"ufb100" 0.501199717713479 0.0257850823160015 0.553112820495592 0.155419876148765 0.0694984306616519
"ufb101" 0.596041712032131 0.0342823253283102 0.429968431324781 0.150997382620362 0.083600184236566
"ufb102" 0.581463265930624 0.0730061383557976 0.0200111103596856 0.132965028877587 0.0617294012948303
"ufb103" 0.632744680616376 0.0455332740815195 0.259640744596779 0.167067596824054 0.0896122639735026
"ufb104" 0.703416464940296 0.0629482279476456 0.33658206185503 0.186128446070031 0.130712646547162
"ufb105" 0.660726294552791 0.047898484166643 0.259574055025896 0.175401187095867 0.0988976425156766
"ufb106" 0.632588817592205 0.0697001937333814 0.0732732344601597 0.15363016264032 0.0813133444610342
"ufb107" 0.586280599954908 0.0686776178464747 0.0209499188258628 0.132015333039588 0.0644455251404803
"ufb108" 0.628451370073462 0.0728912713692509 0.0622035747360942 0.145930782613714 0.0764631458501659
"ufb109" 0.646075704438263 0.0366318466183766 0.467111396516692 0.163863473807912 0.0850539946240034
"ufb110" 0.700420155366805 0.0322638026577958 0.65625396515714 0.15141665048932 0.0861028180184691
