"quartet" "cluster" "phylo" "mutual" "shared"
"mb49" 0.840194337059868 0.0396903465345083 0.76930619052662 0.24794249116746 0.120438760863951
"mb50" 0.842847451056406 0.0390896799772735 0.806331154147473 0.247330759852213 0.122118952704057
"mb51" 0.617039536871415 0.0804793883634716 0 0.144388136948944 0.0619136109946405
"mb52" 0.728041311959156 0.0738758913095387 0.222822005575008 0.183307359418806 0.116644974010881
"mb53" 0.636263364182964 0.0829081330794185 0.0106992298322885 0.152290153165154 0.0763424701928224
"mb54" 0.887125928901386 0.0397420572668722 0.773982298447901 0.245307217269783 0.117504584996222
"mb55" 0.869865189959602 0.0418431995851287 0.752610860139603 0.255226240772091 0.124226065975744
"mb56" 0.881118460613349 0.0349275618498013 0.849506482104689 0.221881290431062 0.10910293476408
"mb57" 0.643634554387711 0.0634199128431304 0.138331026503198 0.156770832628121 0.082672326015964
"mb58" 0.793898428936792 0.0487270328260879 0.602673847301069 0.229296047463702 0.139116083915782
"mb59" 0.709837185471934 0.0581384181667905 0.307762169228875 0.183098918806279 0.120089280872646
"mb60" 0.74395382350177 0.054650741298545 0.433282572011169 0.179453371527317 0.113865975697835
"mb61" 0.657720218607409 0.0793008481248867 0.0525347761437436 0.167346159101065 0.0836376513990608
"mb62" 0.644507697270243 0.072104338642809 0.126621282501079 0.155690755461258 0.0792463845863009
"mb63" 0.868251585726045 0.0394420384824381 0.808383792409888 0.245740356900544 0.119938279648566
"mb64" 0.768681510841688 0.0576701972232132 0.436990651870712 0.215734124772981 0.142988474369498
"mb65" 0.854283685195946 0.0299231875751579 0.881795344232681 0.192063767987038 0.094406266850428
"mb66" 0.697425311027027 0.0610568731573307 0.245230913229046 0.17350412647714 0.112647596030658
"mb67" 0.826347987992552 0.0499901754151025 0.61966290614478 0.23123536144642 0.141323091577149
"mb68" 0.747637010215027 0.0725349922253635 0.286693396982478 0.190717801767607 0.1336994419027
"mb69" 0.924018119833746 0.0411742746117407 0.891407928353336 0.26847360202706 0.133402390689853
"mb70" 0.846314035818409 0.0382338819344029 0.774141406577242 0.235779558426049 0.113804180769607
"mb71" 0.798884279788299 0.045842398769958 0.61498012410187 0.209397354802386 0.122447473475947
"mb72" 0.825823280078252 0.0336218250361259 0.773982298447901 0.203727919180847 0.0945153553192435
"mb73" 0.699933149518418 0.0711323427429706 0.211735388572306 0.177523780483319 0.108497521042859
"mb74" 0.781276377114757 0.0576730322997699 0.466503689482402 0.221570623313256 0.143936778413791
"mb75" 0.715298866038824 0.0615759947929947 0.350256147491063 0.197493632527097 0.129113716967552
"mb76" 0.812594676476953 0.0509207387168844 0.604523309497948 0.236421494932452 0.145311433014989
"mb77" 0.750054141851651 0.0594452690370819 0.39496642935299 0.193143821520961 0.131077156948575
"mb78" 0.847916301361856 0.0336804012317157 0.827977103453065 0.212194027650645 0.102937372989321
"mb79" 0.996131294202986 0.0357808303059641 0.978697649394447 0.230040578858322 0.115607453362757
"mb80" 0.722698383026451 0.0658073737622302 0.30866264631889 0.189911170806199 0.127817129036083
"mb81" 0.668989636146258 0.0770041902600027 0.116367128799956 0.178856580709813 0.106348352735419
"mb82" 0.899542457273584 0.0327493187830773 0.838635726445847 0.204284173711918 0.0977508990814129
"mb83" 0.92870695107227 0.0335822091004381 0.92474915955449 0.214428761208552 0.106137191075175
"mb84" 0.76167713899818 0.0511017491097268 0.492606147286798 0.190334754197539 0.116310832917863
"mb85" 0.826508318861688 0.0353553785337084 0.755232863755868 0.221504736429441 0.102908180131656
"mb86" 0.75785271912561 0.054144172196118 0.48875862608412 0.201535913335913 0.134301017271436
"mb87" 0.67129852534459 0.0629302619859981 0.193705177206588 0.16672206050043 0.100159615778918
"mb88" 0.820380217058781 0.0281947029502174 0.817053314627708 0.17581955524183 0.0850497424730719
"mb89" 0.618976657094148 0.0717941347297523 0.0320907094664251 0.148499916936467 0.0625699761731294
"mb90" 0.672144674413807 0.0702536944314967 0.158496389267738 0.165247610111714 0.0886930351350853
"mb91" 0.632280060723332 0.0805223171004203 0.0107012034612033 0.148470155981754 0.0695374315517622
"mb92" 0.706761785673364 0.0743226375052602 0.201480266298043 0.173891064766919 0.105677490248455
"mb93" 0.687933425797503 0.0231102006090519 0.620264999256547 0.144908514628178 0.0675855376628404
"mb94" 0.713823287720176 0.0689322047364578 0.268850533875942 0.185611332579392 0.117115635472418
"mb95" 0.609750118603179 0.0710365264540709 0.104873940230579 0.140836231980876 0.0745714003178631
"mb96" 0.655437488665029 0.0708296464839268 0.137284512925005 0.159315707311922 0.0806754185040597
"mb97" 0.605116297802223 0.0784150114618676 0.0102412878873986 0.139562000951729 0.0583971043411971
"mb98" 0.599402127021584 0.0711185876273105 0.0320903841215746 0.140475730398537 0.0635619091803096
"mb99" 0.718572353745413 0.027539147453716 0.720421112569372 0.169680286014005 0.0775147148635832
"mb100" 0.635779879859145 0.0743489097887257 0.04292577474256 0.15612535961389 0.0701710968619277
"mb101" 0.612536343423978 0.0600557943377488 0.0847971487716052 0.138172021057901 0.0600801407113573
"mb102" 0.656551388212372 0.0352324312219593 0.497459235884492 0.154252005660997 0.0852521318175223
"mb103" 0.592126150635904 0.0776257423484535 0.0104292727265881 0.134072846055182 0.056259530458481
"mb104" 0.63156025674001 0.0740713558711433 0.0327589504599959 0.154755136823758 0.0679564089636946
"mb105" 0.591992796214509 0.0744907896296023 0 0.132654961751556 0.0531996349057915
"mb106" 0.67824596605635 0.0440416380262958 0.431673864680674 0.196137148776189 0.111423615709147
"mb107" 0.689945802616626 0.06521082230161 0.204224639734331 0.173342128596171 0.104422849695948
"mb108" 0.580266143079274 0.0748237321081893 0.0101412664818859 0.131000737906313 0.0566749732036397
"mb109" 0.724652614825848 0.0542505989086071 0.392888102086103 0.2011347174778 0.118690235724343
"mb110" 0.715324322405978 0.0521732621897301 0.424895751611685 0.195799888352534 0.120373072595208
