"quartet" "cluster" "phylo" "mutual" "shared"
"mb49" 0.751544800642409 0.079550230992493 0.156415539763984 0.20668535768847 0.115312691511529
"mb50" 0.838772955704598 0.0516158183800536 0.677073446505592 0.247304888097865 0.149928963021284
"mb51" 0.795769764216366 0.0661338086095592 0.489354056121555 0.224724924974499 0.15982772688076
"mb52" 0.827335972172244 0.0345927568458458 0.747327448023491 0.214663711846757 0.10389239318916
"mb53" 0.8633607111169 0.0731735234107786 0.5625 0.287901496969432 0.198241808499035
"mb54" 0.746777514250054 0.0741219934832916 0.240049916547857 0.208874832976966 0.137681132714014
"mb55" 0.879913104981307 0.0387256432626183 0.808474928359196 0.251511939950304 0.124850725841779
"mb56" 0.925696924470977 0.040685436171514 0.860171733315466 0.267980824518378 0.132802697238421
"mb57" 0.78948650384181 0.0577491244258099 0.467072451961727 0.218576723116644 0.143295547314628
"mb58" 0.876431509016134 0.0333185092783759 0.831499732845417 0.2156145883812 0.103594870492955
"mb59" 0.633738952267459 0.0916731496832092 0 0.161778580039522 0.0779389411757231
"mb60" 0.89458004997117 0.0417525255152988 0.854149546408265 0.270039099164643 0.134788714768957
"mb61" 0.966530134581627 0.0339979566799097 0.947873866020662 0.224439835145412 0.112076838567394
"mb62" 0.832913573700954 0.0319538471875363 0.821120919960848 0.204551190407216 0.0987235709662231
"mb63" 0.658021800098303 0.0777334414444459 0.0824362190604756 0.168494913149907 0.108089567480979
"mb64" 0.801105238444961 0.0835991968826507 0.322851288411552 0.250157737922585 0.16163956701914
"mb65" 0.869877255349118 0.031801655226676 0.852620652806265 0.205237148927511 0.101064745872565
"mb66" 0.789598727525319 0.047579877299035 0.542020346056931 0.221984798585577 0.130582031449928
"mb67" 0.674032856067522 0.0979304112023657 0 0.184192260865184 0.0869586570078816
"mb68" 0.735397160042165 0.0829277440377353 0.177068266283439 0.207777308496848 0.118344920050102
"mb69" 0.743996450557373 0.0319570951144751 0.723410950932651 0.203555920594071 0.0984891468495919
"mb70" 0.911281637049004 0.0443464223418596 0.822976587571073 0.284204035624168 0.140102957053392
"mb71" 0.787863975979331 0.0302730244712356 0.768448367984339 0.193586043152564 0.0907795993188447
"mb72" 0.71848862495818 0.0438121596474109 0.476643281003001 0.197737092041555 0.117764002216042
"mb73" 0.929976954440702 0.0333922830081975 0.927074773204132 0.222671794723013 0.108368593300368
"mb74" 0.783717537204552 0.0358521979529388 0.663051364861078 0.220911175149526 0.10291206087719
"mb75" 0.62693858293088 0.0694913167221444 0.133647620953552 0.15604034955053 0.0875976192330846
"mb76" 0.82074768933646 0.0779037410545335 0.385356330558304 0.262242272764079 0.164890233647912
"mb77" 0.807681031955438 0.0596744316034327 0.572795450415483 0.233432302195046 0.156433565511872
"mb78" 0.65006957780863 0.077236525955292 0.0622487235114564 0.163631960763926 0.0940269763005432
"mb79" 0.679298979741054 0.046598496861119 0.403986559118182 0.171614695431705 0.108118360845795
"mb80" 0.841004978482828 0.0499549206910001 0.613809478393085 0.235358633149189 0.140485927845632
"mb81" 0.884842690770033 0.0420999770998456 0.802023412428927 0.268666612122289 0.131294540195545
"mb82" 0.661129129342683 0.0711584910321973 0.102928075215656 0.16725604164109 0.10806225495121
"mb83" 0.667537337798632 0.0646645202425774 0.26944511837587 0.165850294111674 0.101236032709644
"mb84" 0.633760298680067 0.0753933667057258 0.0314189460642494 0.155295193681493 0.0856643622555205
"mb85" 0.669268860754276 0.0556891976823258 0.321159495967033 0.164707457860325 0.103815010616294
"mb86" 0.774883280330198 0.0300356760400398 0.7261546288924 0.183881057404043 0.086375109698871
"mb87" 0.656673912374781 0.0683421523608298 0.188000848284884 0.164954465374129 0.097523977489514
"mb88" 0.616047781321152 0.0856117286735433 0 0.154394419413935 0.0712210261715501
"mb89" 0.738374462771968 0.0649023443418803 0.323206451972305 0.192018886652956 0.140139247605551
"mb90" 0.665132817402217 0.0290690203325535 0.624948639224794 0.176563157340768 0.0804348045613482
"mb91" 0.738146275992256 0.0806567588006067 0.125007803316989 0.196338679794884 0.104751723492634
"mb92" 0.840167484839734 0.0285002202902712 0.833196371266119 0.18109318782678 0.0876062149118019
"mb93" 0.703657461809636 0.0555160419230129 0.322091586475243 0.18366489728628 0.119974470101647
"mb94" 0.669950115808282 0.0951816856962741 0 0.181356133325504 0.0799762590140969
"mb95" 0.756570145183284 0.0814554236084997 0.218707789451838 0.219745389564151 0.125184505159743
"mb96" 0.812549750960904 0.0526745525553152 0.616264815548748 0.208837992052945 0.14744985616765
"mb97" 0.734529739715634 0.0600567316565938 0.35273829762066 0.203001347723683 0.138995350561951
"mb98" 0.661499908270847 0.0593902165741017 0.290140176152466 0.163161835509199 0.0967278123837257
"mb99" 0.656330884272554 0.0513372845351192 0.268387773524199 0.15993334142506 0.0992798802894131
"mb100" 0.610361237401195 0.0754585525750969 0.0104694269268504 0.142954286311967 0.0761902255198141
"mb101" 0.743133552405709 0.0466023770247874 0.614440077763752 0.188299777849266 0.128678012128038
"mb102" 0.65202474398295 0.0351546335967662 0.513408947643406 0.155457899876412 0.0851150495804608
"mb103" 0.65669878744396 0.0584873586084855 0.269204779963512 0.159688239298809 0.096520971236645
"mb104" 0.761292360168019 0.0824012878889153 0.20827705260245 0.222344687773824 0.121139271488446
"mb105" 0.64328741312618 0.0636735981593306 0.154764586732271 0.164381254970981 0.106648260775023
"mb106" 0.687947959998836 0.0766232690004541 0.0729327447108177 0.181343870156186 0.082017783555004
"mb107" 0.627806563039724 0.0485808212746417 0.260612644288503 0.153495595900948 0.0911758309234556
"tnt1" 0.745142765526389 0.0599140054220334 0.347320000612718 0.194186772936003 0.13005551468308
"tnt2" 0.669526861711293 0.0474692777753487 0.293552319188648 0.175201611007756 0.0978113324734441
"tnt3" 0.678800295272432 0.0556315380374929 0.354351424552446 0.164949861172184 0.110523792543619
"ufb1" 0.696502256219686 0.07026663215745 0.2502418235457 0.179512308481673 0.128369993858899
"ufb2" 0.6102799112204 0.085157166413008 0 0.145460856434762 0.0613792672706554
"ufb3" 0.784589212448714 0.0471553763468309 0.604087572044738 0.221510747735325 0.126193420214202
"ufb4" 0.587021071184005 0.0766529410255666 0 0.133309086893949 0.055548739205154
"ufb5" 0.716285167599745 0.0462016376712622 0.448829756902689 0.170051181126109 0.111726661952378
"ufb6" 0.752009456264775 0.0603224499372575 0.347320000612718 0.198905257552328 0.130285746048003
"ufb7" 0.665814390622628 0.0440626591941907 0.444812046057857 0.164854816996741 0.103826063574497
"ufb8" 0.689728496226953 0.0350405541928867 0.578628727224673 0.15803358967074 0.0971489970834907
"ufb9" 0.581322305830875 0.0515051551793487 0.163818347661438 0.136182278562347 0.0769031323876204
"ufb10" 0.761108736247666 0.0389687631809443 0.677014125539146 0.188446360848658 0.113720719314275
"ufb11" 0.852413591949832 0.0297817859902884 0.812345917674383 0.189237496221919 0.0908691440137785
"ufb12" 0.841996109387309 0.0556816079980767 0.604146893011185 0.263513600717763 0.165938334125724
"ufb13" 0.660842754367934 0.0384270585538366 0.438104111551852 0.168156882570723 0.0980994275605355
"ufb14" 0.594096063550188 0.0795333377042813 0 0.144648636424226 0.0664653625564453
"ufb15" 0.693082197725892 0.0236649901640871 0.768344569643851 0.149705194682761 0.068374630012085
"ufb16" 0.784842358341074 0.0556223803261636 0.520657018786157 0.217046133401687 0.137688942606576
"ufb17" 0.765220166649569 0.0688872580752071 0.281213798334982 0.226224302589206 0.128496700096856
"ufb18" 0.708981285387042 0.067132791506803 0.197851288411552 0.196290306563703 0.112570187083833
"ufb19" 0.875688952791757 0.0351264782452704 0.760373866020662 0.217853276585513 0.102460807622528
"ufb20" 0.618970663800644 0.0574667745014923 0.164976824496337 0.1469947539488 0.0941413417380616
"ufb21" 0.759522199684472 0.0332260010265436 0.708350453591735 0.208065887397477 0.0987290762336269
"ufb22" 0.68483782272346 0.047973928249662 0.3358678311786 0.176962044361476 0.101836484780353
"ufb23" 0.76104573321119 0.0386990111113824 0.666587572044738 0.185140245640493 0.111132568325164
"ufb24" 0.617585055703515 0.0502276949479006 0.236990699931374 0.156691725552598 0.0922337442725988
"ufb25" 0.627015992313403 0.0891428544495303 0 0.159538981907897 0.0778653355699874
"ufb26" 0.872526563593561 0.0588886301033081 0.656279660483223 0.277148493555996 0.175477808849936
"ufb27" 0.607223013129053 0.0827939456237594 0 0.149767478362338 0.0661651688500849
"ufb28" 0.588966205539076 0.0483378715936262 0.229841002460149 0.139937918358996 0.085803276184125
"ufb29" 0.70766602441575 0.0664395372350477 0.253906807988158 0.182117797526059 0.128550187782437
"ufb30" 0.630056320675009 0.0876208436015822 0 0.161256100486516 0.0635903074599922
"ufb31" 0.597563185983285 0.0802157613183965 0 0.139530194481724 0.057523866244713
"ufb32" 0.648103296476051 0.0663610745057844 0.114284514521131 0.163166417664969 0.104446926990332
"ufb33" 0.78131768171186 0.0462481652443885 0.539957716898132 0.213782590034154 0.12512671627301
"ufb34" 0.632419574950932 0.0879370632300157 0 0.161576372006484 0.0756076360122747
"ufb35" 0.570271761296796 0.0720919678019629 0.0205394765244026 0.135245676387922 0.0670211192243541
"ufb36" 0.614981576778528 0.0835815565201975 0 0.152627197991465 0.0630118189133923
"ufb37" 0.646476610415958 0.0898860561654992 0 0.168390804804227 0.0629495987392555
"ufb38" 0.844724542804566 0.0561525796890138 0.593779660483223 0.262896280829573 0.158284891535387
"ufb39" 0.586489497135582 0.0257036624705407 0.652413056125287 0.154522574531039 0.0705915208473327
"ufb40" 0.672918182025542 0.0692120504593313 0.178830713905503 0.167778306681369 0.103146086692142
"ufb41" 0.63640966943936 0.0520540396221744 0.30028573542786 0.154062137411228 0.0938594843171378
"ufb42" 0.710815939278937 0.0486781852228662 0.405632483566281 0.18232442112753 0.120107030738025
"ufb43" 0.697712071345153 0.0353564053466649 0.627908891299107 0.168529014860514 0.0952535541435867
"ufb44" 0.590519046068352 0.0695082437800754 0.0821924088478646 0.142701426718009 0.0705077912435075
"ufb45" 0.630433776214064 0.036873625425304 0.433373477237343 0.165412456139019 0.0922615406744528
"ufb46" 0.637148168863191 0.0573049111320105 0.208649717029414 0.155487512763265 0.0867482586212083
"ufb47" 0.805144280556411 0.0747396644684322 0.374927596669965 0.252466202112807 0.152997808486959
"ufb48" 0.636893687464291 0.047554895685753 0.32076478181502 0.154689751912503 0.0858285496142687
"ufb49" 0.6478932327317 0.0669448616604201 0.114284514521131 0.163409882453008 0.107717150392526
"ufb50" 0.65797008470851 0.0425242594392279 0.437088322377521 0.160239176907502 0.103315648476782
"ufb51" 0.705250005385726 0.0501152430190028 0.373146180709406 0.1896506717596 0.118751592941603
"ufb52" 0.624012041977189 0.0646353117523603 0.177823109252699 0.152079512623732 0.0870401614389451
"ufb53" 0.722554277209478 0.0393465535020714 0.550014517435279 0.178871636884255 0.10758644359847
"ufb54" 0.744587336885831 0.0521913499311723 0.467187513611151 0.201493155280156 0.138857842016511
"ufb55" 0.64348980157704 0.06232603161891 0.208930983224152 0.158638073148803 0.090894039120457
"ufb56" 0.657627118644068 0.0736273582571558 0.0733109013982322 0.167002352522059 0.100000353117099
"ufb57" 0.595513905963675 0.0684366938308533 0.0820551184733362 0.143197128378659 0.0702565001125774
"ufb58" 0.703493965366451 0.0401028666278442 0.491522536891664 0.17988873468189 0.104983995638108
"ufb59" 0.749790039976388 0.0666718094273596 0.323810287193099 0.204633243025702 0.144176388781061
"ufb60" 0.669213181961526 0.0492179936255546 0.431247797535336 0.167021803585707 0.114195671196274
"ufb61" 0.604638462741458 0.0725536495300893 0.0309527366889641 0.142545074719258 0.074568001649042
"ufb62" 0.602874014296325 0.0528983936802741 0.166057052569796 0.144702716227107 0.0892820083780865
"ufb63" 0.601283289542031 0.0728905064991181 0.0307250105959846 0.139758163125737 0.0787963314626202
"ufb64" 0.609590346046353 0.0731495882054738 0.0303134659273615 0.145609407652015 0.0783014456805049
"ufb65" 0.641226466373474 0.0605418805129787 0.280191737447 0.164230733075135 0.105431038121642
"ufb66" 0.607526079070334 0.0678211119392122 0.123351853961162 0.148687995286877 0.0721416435049377
"ufb67" 0.599068076499654 0.0396314549858949 0.382957928170334 0.146941730110898 0.0868373566009777
"ufb68" 0.599595750073247 0.0800013283846824 0 0.142390632656534 0.0613074942079329
"ufb69" 0.723022694947746 0.033016834752649 0.663103264031322 0.203320472081493 0.0952535268213914
"ufb70" 0.677102557342473 0.029655308962652 0.641982344070474 0.176352856726539 0.0824195691524447
"ufb71" 0.640498945016756 0.0546646847208403 0.207723018164659 0.154623874414728 0.0978991965269862
"ufb72" 0.662938093473817 0.0622193055579077 0.229324018136501 0.164451325769378 0.094388168571332
"ufb73" 0.617493114537003 0.0864769542615515 0 0.153522682890422 0.0689102782334082
"ufb74" 0.593634406999171 0.0674626131975228 0.114768085966938 0.14223967887329 0.0733639791160813
"ufb75" 0.599639043465183 0.0257985662669749 0.662947566520589 0.156530707844942 0.0724719725259355
"ufb76" 0.638184385905531 0.0453708717321136 0.282956645416388 0.162896749840471 0.0875000001279028
"ufb77" 0.660630628703446 0.0543342217298169 0.352143364775982 0.161587511055928 0.104153295894718
"ufb78" 0.677474402730375 0.0461797719035881 0.352167073348062 0.166994728058673 0.102749699977644
"ufb79" 0.696747484205598 0.0588042037740349 0.238639302223542 0.171478784564484 0.0987766390737189
"ufb80" 0.666975900820173 0.0387694996023776 0.479431430441332 0.174882290768749 0.100916579391698
"ufb81" 0.656141947550781 0.0742112707851905 0.0103377504931106 0.162358529405939 0.0812366741691001
"ufb82" 0.574629635606623 0.0426172815140792 0.271213037404934 0.132762458930984 0.0780962015923324
"ufb83" 0.64481302774427 0.0448634151982346 0.356991995624032 0.168727514753616 0.0966361599276499
"ufb84" 0.774404974476399 0.041644053129806 0.645734465055923 0.199839674922371 0.124670999705139
"ufb85" 0.607142857142857 0.0316287056251233 0.557758160078305 0.186286724074873 0.0858220583631107
"ufb86" 0.791311156170324 0.043679798722918 0.652678901897326 0.210148763198198 0.135616414935564
"ufb87" 0.569081912251963 0.0734156690425622 0.0303053197589276 0.128070196806874 0.065403722158899
"ufb88" 0.592192352420656 0.0784216608759861 0 0.137654723716892 0.0559145628863477
"ufb89" 0.85611974054122 0.0565266828472379 0.645793786022369 0.270322025473295 0.169922424819414
"ufb90" 0.5667583220951 0.0714344392533499 0.0205654202246874 0.133934944854273 0.0686913751211167
"ufb91" 0.646721545489151 0.0360097770506152 0.470693325479747 0.164253248621895 0.0882635128826416
"ufb92" 0.597721545493274 0.0814485769985649 0 0.139310011255633 0.0589167462200403
"ufb93" 0.572622530282991 0.0726968098605919 0.0404247612695417 0.13176084499849 0.0708964509036072
"ufb94" 0.63673512154233 0.0336255877476476 0.513469160418216 0.154383903780368 0.0859601996859765
"ufb95" 0.717729358820122 0.0395511023637837 0.515713756964279 0.180962137364725 0.10576185314929
"ufb96" 0.718547718661194 0.0632641746365012 0.261124636938638 0.191419564884791 0.12402120440458
"ufb97" 0.609476596592107 0.0665709338057047 0.133866402082905 0.147299011388994 0.0759812894860259
"ufb98" 0.632978723404255 0.0737035369966318 0.0516667223598116 0.155791235020935 0.0866849848769707
"ufb99" 0.58644627736345 0.0502559171203795 0.197736481546044 0.140860941209258 0.0864530068593243
"ufb100" 0.66691021004596 0.0591627568467651 0.218305308349413 0.158552069721465 0.0890095048377461
"ufb101" 0.585457101868119 0.0700276141783912 0.0730600969168508 0.13981255705518 0.0709124251270424
"ufb102" 0.544271205836075 0.0282389265323899 0.536896735968678 0.167056707322748 0.0725461458409383
"ufb103" 0.702122941309246 0.0657844925822881 0.218559769635741 0.178468734609009 0.1243311562967
"ufb104" 0.645763177291844 0.0391632811086274 0.496208832980081 0.151767741924807 0.0986146948230258
"ufb105" 0.596016086012687 0.080527620743202 0 0.137577287672031 0.0572653572376503
"ufb106" 0.670218228498074 0.0287722775523483 0.64579909281653 0.174939209507675 0.0804655052337016
"ufb107" 0.598152676336044 0.058738579103078 0.154122364651865 0.142408208974576 0.0788390718339488
"ufb108" 0.684656235784485 0.0593142091848316 0.22882669974007 0.174451861410207 0.0929226457341859
"ufb109" 0.610578209092563 0.0750037807080647 0.0518401988360843 0.147279027313084 0.068999098948338
"ufb110" 0.627862252058103 0.0561707820425121 0.208649717029414 0.149766570284394 0.0862345085615663
"ufb111" 0.724239994339756 0.0735512866035593 0.135511826897021 0.190908501265583 0.101178744601288
"ufb112" 0.606304783846842 0.0735261330640695 0.0623081183125022 0.147444816696477 0.0785840839972586
"ufb113" 0.675390035228988 0.0295455131523697 0.666598185633059 0.183429873622615 0.0829350313971888
"ufb114" 0.572557047067932 0.0392850393876053 0.350378046492086 0.13903126824492 0.0875093166177093
"ufb115" 0.602324715977497 0.0352167861893624 0.436966897006148 0.157095886433167 0.0841771455689115
"ufb116" 0.629685951936591 0.0351917406426702 0.460220232524942 0.158595746530658 0.0853983004444847
"ufb117" 0.639096113809854 0.0365943121266064 0.479491916037758 0.167883463929097 0.0953939253405364
"ufb118" 0.651350354442857 0.0653299758112676 0.12360785660437 0.164277001685566 0.111264345874111
"ufb119" 0.656194088599442 0.0271705840046861 0.666546824857854 0.167233358017527 0.0770654704945281
"ufb120" 0.69001921643986 0.0647106057890408 0.260788475119902 0.176229068714239 0.121226014540497
"ufb121" 0.83543820278368 0.0414328179677621 0.708115823123031 0.198352170056032 0.124835962686016
"ufb122" 0.639709512749067 0.0723393210911176 0.082298226825936 0.160043775568703 0.104343418426281
"ufb123" 0.602497776822273 0.0647619282862793 0.176089308676617 0.143949401258313 0.0791892487659834
"ufb124" 0.655238723772245 0.0473191131043427 0.301045620057027 0.171139544617907 0.0984354404308635
"ufb125" 0.636261660172393 0.0502947532754512 0.24106008456069 0.15722794499285 0.100104325564144
