"quartet" "cluster" "phylo" "mutual" "shared"
"mb49" 0.874524488825487 0.0319693700972128 0.864479012116716 0.206286404351837 0.100744217778087
"mb50" 0.680627938887067 0.0790355469319595 0.103780133232955 0.181802047562027 0.0954413000951904
"mb51" 0.839448319931839 0.0356706151282844 0.768460384698252 0.229568541161052 0.109696674472311
"mb52" 0.690261547022816 0.0854258359851795 0.0620937402472727 0.194893801837986 0.107664178105707
"mb53" 0.789449065506091 0.0475811302541266 0.560335050909291 0.21529015447784 0.132064779928428
"mb54" 0.643422458863288 0.0917514884230174 0 0.165265796917301 0.0743585320366211
"mb55" 0.925297519476175 0.0431938310304071 0.82288296288899 0.274322000317677 0.135277302079326
"mb56" 0.796542396801129 0.0392013931981716 0.705256602550291 0.236530655558137 0.113300714217512
"mb57" 0.943572176229898 0.039695497771991 0.927078518507951 0.262663929981406 0.130833910263344
"mb58" 0.737013071998074 0.0745299376945227 0.217387666839082 0.196798311920927 0.109695593338487
"mb59" 0.828324746346867 0.0524577933830821 0.635566813956101 0.249179724550482 0.150822421435344
"mb60" 0.778367191377721 0.0690333549346214 0.361627520171015 0.210831937915125 0.138047651199128
"mb61" 0.847999430442831 0.0284063862930512 0.885431111142814 0.184534513626449 0.0913428804564326
"mb62" 0.765190248102901 0.0580949237305293 0.46844653426391 0.227294984433754 0.149120811566719
"mb63" 0.7468109399693 0.0702087431493136 0.280498563634052 0.189849303907755 0.133547937310101
"mb64" 0.664587314563622 0.0708054135122031 0.145126016331571 0.181866162869326 0.100906585170564
"mb65" 0.731018978966144 0.0713363471162694 0.280460125139771 0.21514418092367 0.133396096547076
"mb66" 0.777499331398516 0.0559895666215648 0.488001881934924 0.218400575852496 0.147272414536232
"mb67" 0.736439098763341 0.0613481651651328 0.39575641036465 0.204226034593622 0.131397983737686
"mb68" 0.985054591014856 0.0407526926891051 0.968725925873088 0.269414664471669 0.134655415384893
"mb69" 0.781187669990934 0.0374696997284871 0.726272633456085 0.242965930597223 0.117578629143676
"mb70" 0.919317131517425 0.0368909463161282 0.854054320741078 0.236285782218972 0.115596173150531
"mb71" 0.63811357544691 0.083876369641069 0.0203726822057522 0.157606068641798 0.0681282694293177
"mb72" 0.756027240642243 0.0713654640173882 0.299486057557823 0.202325181893973 0.119531797819974
"mb73" 0.755376015016118 0.0563116548500395 0.447898072221196 0.214165207999975 0.130944484088542
"mb74" 0.791039510818438 0.0358583600895226 0.673447125568871 0.216810140727669 0.100307331338688
"mb75" 0.841123922301859 0.0363600488365849 0.789476415604045 0.232528752710729 0.112504302156356
"mb76" 0.644124333255708 0.070486847664827 0.115124028171727 0.17280804549905 0.0864845081075269
"mb77" 0.81515255792613 0.0336963427822087 0.71267501346666 0.211085630248748 0.0992967865466623
"mb78" 0.838441017632897 0.0307655863326626 0.831508477415632 0.199170226702815 0.0973053130713269
"mb79" 0.756261865793781 0.0597484767654907 0.415330015967976 0.202329653439588 0.138889392266653
"mb80" 0.699812813676623 0.0775664710128301 0.134953770957272 0.189127495451446 0.12351558852043
"mb81" 0.794381373152135 0.0469583508327577 0.593625804093924 0.22042981518068 0.136751876021898
"mb82" 0.772756219528746 0.052244391266731 0.443245067856731 0.196501030515801 0.126378899484836
"mb83" 0.849160517591701 0.0354455745057428 0.821078306678026 0.23280965148753 0.113672887263454
"mb84" 0.733182076006807 0.0338636945844322 0.638261048397543 0.210516317566798 0.0968585455887811
"mb85" 0.726189588138582 0.0708240379587866 0.207419809148455 0.181059439262253 0.107069800752108
"mb86" 0.733656022127232 0.0292143264246447 0.726220736979225 0.184448968673328 0.0868789725373878
"mb87" 0.746529834955565 0.0409331217099985 0.568178773650582 0.188803904720342 0.103582678184299
"mb88" 0.668229857908209 0.0828572443033572 0.0412284986272336 0.183110520768277 0.0907316320504605
"mb89" 0.741973999176969 0.064819557700643 0.342932926701924 0.218633770022563 0.136598578298991
"mb90" 0.734848052910656 0.057267872802484 0.383985093501654 0.188581202235962 0.12483002961746
"mb91" 0.766770333242751 0.0528328873907223 0.484062147227875 0.206667958357504 0.135022734583201
"mb92" 0.645260159424205 0.080681821498797 0.0313746409351857 0.170099511996909 0.0703262108588471
"mb93" 0.613565726450239 0.0701275290786568 0.0418149122217235 0.150125441238365 0.0672482170484726
"mb94" 0.753517418593875 0.0524071231089662 0.473525986380436 0.201115851560984 0.131257436177051
"mb95" 0.728923073318181 0.06215130059343 0.343005607611531 0.212850362928018 0.128813362128202
"mb96" 0.639104568819871 0.0831365777323914 0.0313641023360676 0.168602101595915 0.0688461081507045
"mb97" 0.805524992605738 0.0500744666556635 0.613337600424815 0.198508386545455 0.137592815613778
"mb98" 0.634437571446211 0.0875736253455632 0 0.158988053297059 0.0613416406624162
"mb99" 0.726771813138555 0.0562679815574533 0.353401642224809 0.17735825561529 0.118992446340064
"mb100" 0.689872643846812 0.0705885583341263 0.178054158599248 0.192356753547071 0.0999582574595445
"mb101" 0.701553236743553 0.0734725275578284 0.146920914631334 0.181977116903703 0.0869936322484462
"mb102" 0.64971018452915 0.0828265400672446 0.0413254286538431 0.174612914681653 0.0781363163033754
"mb103" 0.621667968975336 0.0793157506730699 0.0203503670369428 0.151201257415911 0.065278849530617
"mb104" 0.645369275568202 0.0742387214438699 0.0731887936509388 0.164542048973147 0.0763993199852963
"mb105" 0.627485454663527 0.0869440421454794 0 0.156898271508425 0.0625199055969798
"ufb1" 0.805989009937008 0.0464154946176478 0.62591122768346 0.220564082235137 0.139188900832327
"ufb2" 0.772952244219435 0.0435530259888748 0.57255690225959 0.205310732758505 0.122458595586675
"ufb3" 0.841658540109076 0.0468644005503227 0.663055052356887 0.226342099997934 0.133934380516076
"ufb4" 0.798551136940928 0.0544346497928454 0.503757417218681 0.20763996924545 0.133359263629907
"ufb5" 0.769273343930803 0.0596441075142975 0.386876532338294 0.202457664342257 0.131763712314217
"ufb6" 0.629950597150942 0.0700962572885724 0.0931605246794416 0.163152740205372 0.0816329307995257
"ufb7" 0.691460268317853 0.0764926498736566 0.135636950764239 0.179687194839461 0.092084831549594
"ufb8" 0.637504150158259 0.0687046759601513 0.104557634044677 0.167827846027063 0.0849151555320361
"ufb9" 0.621408408263878 0.0791642053796946 0.0205567512146455 0.151739925241484 0.0638804054892945
"ufb10" 0.737263847458619 0.0330511672058143 0.659499704322285 0.202124970179795 0.0932087768058497
"ufb11" 0.798754712669942 0.0336962347976721 0.723373010761552 0.212746747582294 0.09866368202477
"ufb12" 0.768197065420945 0.0425628244570222 0.532555492294264 0.191435365137739 0.115956978980926
"ufb13" 0.679008510500599 0.068071991611203 0.156926136261276 0.186391251378734 0.0994953652020313
"ufb14" 0.593421020222173 0.0686810203552135 0.0313571155315592 0.143486366358807 0.0671999986483207
"ufb15" 0.686508439561471 0.0642279841360762 0.220154430646866 0.185541289564611 0.121098701970927
"ufb16" 0.790647573184641 0.0465091502235585 0.608682230213516 0.220999301292822 0.138351263121752
"ufb17" 0.769716148830073 0.0453970705054454 0.572496052824645 0.215445225276171 0.131491198715775
"ufb18" 0.814380184243722 0.0454086872232883 0.631509544535323 0.218313770927141 0.133426390055444
"ufb19" 0.762171728947201 0.0516150465247819 0.498523672452179 0.199042644436894 0.1336398732114
"ufb20" 0.765770805827198 0.0386944256404966 0.641984754602242 0.185040025011599 0.115786923919263
"ufb21" 0.739459076414314 0.0329432706402704 0.687516049417941 0.204375814811629 0.0944748515137253
"ufb22" 0.68036114645822 0.0665704021815765 0.177976568491066 0.176859972624813 0.112502581765689
"ufb23" 0.730004752635108 0.057224088609681 0.336989187160192 0.191893715745149 0.115131928359741
"ufb24" 0.733881224929068 0.0578625453397165 0.333333333333333 0.193287687576997 0.121113113892594
"ufb25" 0.657053682732039 0.0826526910573218 0.0517391075980353 0.17821253256422 0.0816052056923004
"ufb26" 0.584618711258469 0.0229087736613926 0.729060740508255 0.146919380580557 0.0674525031939996
"ufb27" 0.734224881224705 0.0458537581341652 0.534543365802174 0.21511700891977 0.132516046732567
"ufb28" 0.703234277445805 0.0326512431499785 0.645755479183256 0.154671697303694 0.0935480492641185
"ufb29" 0.624073136020455 0.084303292280848 0 0.154199135501684 0.0668215048878419
"ufb30" 0.630938228312774 0.0875879127267667 0 0.159134961426779 0.0732480464577919
"ufb31" 0.625914405234367 0.0849868960769427 0 0.155045856881959 0.062289560401781
"ufb32" 0.640873030253394 0.0737126295283345 0.0830301227720568 0.164897035307705 0.0738266124638337
"ufb33" 0.664096568286671 0.0335755105312663 0.57879714177751 0.198345024404234 0.0906416082647484
"ufb34" 0.746176263794491 0.0638266136482675 0.325113295018822 0.186642704781934 0.132166126678283
"ufb35" 0.607647611646274 0.0755766354529588 0.0205286166678366 0.146844189001549 0.0671602413772724
"ufb36" 0.76995173812688 0.0313917886529177 0.687310616868294 0.189469594906826 0.0890661183573267
"ufb37" 0.597297443341611 0.0688908352532765 0.0313571155315592 0.143136559517396 0.0652570532479332
"ufb38" 0.686851408370396 0.0323610127176299 0.627667943546013 0.198408281935195 0.0921257069536865
"ufb39" 0.672323217896245 0.060519988922671 0.25109577100874 0.181164920674361 0.121148301566251
"ufb40" 0.685169767183176 0.0657351397175866 0.200784554376472 0.18183951534756 0.116150146609718
"ufb41" 0.625556494674395 0.0850924415121184 0 0.155079100708405 0.0603698114766924
"ufb42" 0.770186335403727 0.0287573900745916 0.770708147873392 0.180056326279957 0.083892278843298
"ufb43" 0.71525305203855 0.0718190530603607 0.157879005097422 0.174033757220126 0.103176726501066
"ufb44" 0.61860010890712 0.0741198928644652 0.041664063498123 0.151180449608034 0.0824153733097334
"ufb45" 0.689489694236115 0.0325238493817784 0.666725984114345 0.156127680257111 0.0931058795545328
"ufb46" 0.610974849008989 0.0726827400316329 0.073070944781661 0.150358074792311 0.0858776809891841
"ufb47" 0.688595641399566 0.0570521117157284 0.258998329431471 0.168745547233497 0.100823656053849
"ufb48" 0.669742020113686 0.0435006370255747 0.412302472412959 0.189931158811219 0.102091080872425
"ufb49" 0.664750150854462 0.049371133002408 0.335174248225819 0.175011800495266 0.110043929808468
"ufb50" 0.768365727547311 0.0479630879234009 0.549756699600429 0.229573809806579 0.138311870921588
"ufb51" 0.635252513292608 0.0835966395656774 0.020390971194048 0.157779659497654 0.0651075579304433
"ufb52" 0.603995654796631 0.0733418003649728 0.0305977198670009 0.144717991797491 0.0641824687393205
"ufb53" 0.647401474469828 0.0333983349030379 0.545246449138488 0.157106510134686 0.091827348414793
"ufb54" 0.696041551858626 0.0719080724383396 0.166299204332952 0.185257865356572 0.121452993937275
"ufb55" 0.671139873818567 0.077761309847573 0.0620252948205959 0.181911605580998 0.0984855162248318
"ufb56" 0.622412189205627 0.0837101439949742 0 0.153116122341226 0.0667699269079285
"ufb57" 0.801399245144067 0.0434687542938161 0.6562407316488 0.210540329510135 0.116928033945072
"ufb58" 0.716063831835069 0.0641799777859733 0.230343138736523 0.174556517601086 0.106613160562247
"ufb59" 0.645549572378841 0.0546434183695366 0.271148220145588 0.175342512194521 0.116073275084427
"ufb60" 0.661510485772377 0.0600229038300919 0.210678819391333 0.173278287900077 0.112260361698039
"ufb61" 0.677607716672293 0.065935207068612 0.21785639307073 0.176246353163076 0.115281878368317
"ufb62" 0.6645503119477 0.0737108676555828 0.0826994124260684 0.172565551370341 0.0964594071748787
"ufb63" 0.609921460106213 0.0799402577022738 0 0.146588733227761 0.0492696494710621
"ufb64" 0.561894014416987 0.0370655653989814 0.408068795660814 0.161146565907968 0.0820962064828911
"ufb65" 0.558073513802575 0.0691786956785453 0.0100695159252901 0.128866542663969 0.0477592421257332
"ufb66" 0.619207387874656 0.0790917687170518 0.020390971194048 0.147149893774658 0.0526739501845223
"ufb67" 0.6649575711439 0.0439632182365301 0.396786631794545 0.16632979542515 0.0995789619725531
"ufb68" 0.73892459369427 0.0687636420396509 0.237950966900412 0.190994261509352 0.103141376883538
"ufb69" 0.652254751208531 0.0567584932005032 0.270681340814598 0.171583537731705 0.0988673770456097
"ufb70" 0.613687135028598 0.0801195363034467 0.010455452446042 0.147913606755994 0.0574965638775316
"ufb71" 0.759104120362455 0.0429175501299874 0.46560485367207 0.191061234804644 0.110843710867397
"ufb72" 0.721445909597848 0.0610361746108643 0.295029734139968 0.181176584371638 0.121926732835526
"ufb73" 0.746104346104346 0.0433382157691555 0.512943887175481 0.200654659286532 0.12050096275088
"ufb74" 0.75170372025472 0.031959782526485 0.698945250307264 0.198153739154226 0.0952941171999505
"ufb75" 0.678005591798695 0.0312382110894799 0.553096639811854 0.18646782969326 0.0844543322484535
"ufb76" 0.609719111028426 0.0748725035357817 0.010450706423629 0.145924381376725 0.0705533506745528
"ufb77" 0.639819635242416 0.0724636189683665 0.0418221678005365 0.159633516615146 0.0692128544667075
"ufb78" 0.621624277061987 0.0852160228354701 0 0.152833663282613 0.0602311496810394
"ufb79" 0.753135431694449 0.0547462614123632 0.458325069135346 0.209769676876774 0.121842462452121
"ufb80" 0.791045838473949 0.0393954407885859 0.665059740358314 0.188061402284075 0.116735253617507
"ufb81" 0.729243264576972 0.0620382423271091 0.301301244003305 0.178627624132107 0.125258059245613
"ufb82" 0.657865761211066 0.0806661911283499 0.0516892530431227 0.175948774874615 0.0710864802057253
"ufb83" 0.749091615661129 0.0438911510310068 0.526840247851897 0.204716238592972 0.124192746888655
"ufb84" 0.873106929784305 0.0356139091411883 0.831612270369352 0.225271991228223 0.112502760937574
"ufb85" 0.734381692467723 0.0276514524618406 0.791711605036902 0.180763531820891 0.0875120244981497
"ufb86" 0.593421799994357 0.0707888007191085 0.0202753861403677 0.140628259760321 0.0617803427589331
"ufb87" 0.842260385240195 0.0412108974739801 0.705135709055775 0.194883710832385 0.122414658633403
"ufb88" 0.724991394148021 0.0451481838383907 0.502855579839386 0.211547826373327 0.122758530744336
"ufb89" 0.720643585160966 0.0618467722810697 0.284066992762893 0.186351905521552 0.119374861775529
"ufb90" 0.606197614975003 0.0782539205313103 0 0.143502530321094 0.0489993952299564
"ufb91" 0.614335102606687 0.0822228690706176 0 0.149579458867919 0.0524754262436476
"ufb92" 0.676464644512119 0.0736114324759806 0.083226264311665 0.16518013362686 0.0943877748230299
"ufb93" 0.732818957074266 0.0355948235914177 0.644055220270114 0.170292582255056 0.102507232056744
"ufb94" 0.686540919027955 0.0560605262436653 0.280302763630188 0.161102043386489 0.100631843363671
"ufb95" 0.745426829268293 0.0442148838207952 0.549981746361181 0.203517198256878 0.12163719653549
"ufb96" 0.683384760763466 0.0703041496530326 0.14535699100831 0.179666482438038 0.115177907190633
"ufb97" 0.710688708921759 0.0526511937771151 0.310325042427061 0.173461836601868 0.0995804520946802
"ufb98" 0.654121332712417 0.0642982132678346 0.125580628796705 0.174570897747291 0.109550476635957
"ufb99" 0.679129740518962 0.0698858802919321 0.14780546037075 0.179653328462415 0.11912890404708
"ufb100" 0.586818060781788 0.0687020981467097 0.0202329142437652 0.138391119550526 0.0630481659964212
"ufb101" 0.668949930175012 0.0700884545403491 0.104426335175147 0.163224551518958 0.0917788883970936
"ufb102" 0.615468725287784 0.0825136554699831 0 0.150494218491284 0.0618399116359427
"ufb103" 0.668254265891618 0.0775241905655286 0.073994230414666 0.184536269730233 0.104351434915113
"ufb104" 0.765631832094447 0.0438697042037832 0.568358590081791 0.206767215878328 0.12127366704241
"ufb105" 0.640356147192295 0.081411054263312 0.0517816617891963 0.170182572072553 0.0699672467316933
"ufb106" 0.780946902216944 0.0623711453177288 0.450422128603504 0.215678410683011 0.148085978700297
"ufb107" 0.643131179720421 0.0728280813694384 0.0620576859872881 0.161537839640645 0.085520769888934
"ufb108" 0.703663097738 0.0736194141097849 0.144497317928181 0.182766875790415 0.0923981141359104
"ufb109" 0.684770794881993 0.0753317584622242 0.115301526182924 0.180789459220518 0.0922815370659008
"ufb110" 0.614416258331558 0.0675216938966254 0.072189164496548 0.153297593827703 0.0790807935536539
"ufb111" 0.619449906013007 0.0418662686815866 0.386885528977426 0.179308611687004 0.102041637183925
"ufb112" 0.602568879731714 0.0341785550160853 0.46037155818693 0.153238901602233 0.091389939026198
"ufb113" 0.729453500176805 0.0502993924378202 0.404422278435912 0.189394771005311 0.116330451542021
"ufb114" 0.533050761933596 0.0390158617919408 0.323729249961538 0.138126072440911 0.0805194739889842
"ufb115" 0.613584024626969 0.0696299833273399 0.0624490571403733 0.151429160051538 0.0792852897012237
"ufb116" 0.657290053848156 0.0376293512429994 0.541608817280757 0.149698045085778 0.0994867571495752
"ufb117" 0.719967681891632 0.0480737305932057 0.500033056791948 0.185941699439391 0.126247465396082
"ufb118" 0.677059895378318 0.0660442424316729 0.158838849603413 0.175555704014082 0.106010139800966
"ufb119" 0.66793576315835 0.0819737523101691 0.0516892530431227 0.182845577468089 0.078019130212899
"ufb120" 0.713710472874964 0.0488267732004432 0.369322844326312 0.181783298163977 0.109381549590367
"ufb121" 0.568012029324123 0.0709634430560702 0.0413864098101648 0.138395469520982 0.0598235109425894
"ufb122" 0.602366481161553 0.0757101657635169 0.020405800284058 0.138592682918549 0.0510981942667337
"ufb123" 0.701419446966698 0.0620616349214776 0.228226243888416 0.167413159349863 0.0995437219539751
"ufb124" 0.748500200837037 0.0564465901185946 0.40379198156281 0.191117501702402 0.117383183838586
"ufb125" 0.759328607730373 0.0294444266393664 0.726324529932945 0.185732855663807 0.0874746822973499
"ufb126" 0.584237234343617 0.0691394447369633 0.0209027706233107 0.140485002070312 0.06916995443268
"ufb127" 0.622092869469589 0.08459838903406 0 0.154269028988439 0.0626371248171747
"ufb128" 0.597340503578322 0.0768488011766423 0 0.143894851098075 0.0580892141519921
"ufb129" 0.621806080936407 0.0550505993744347 0.186676938767099 0.161657640195836 0.0825914050753282
"ufb130" 0.803142146607192 0.0458625681598867 0.531849165111361 0.207657684111483 0.117906424594799
"ufb131" 0.651470151470151 0.023376262585479 0.715738669764758 0.146995920677403 0.0675902952861095
