"quartet" "cluster" "phylo" "mutual" "shared"
"mb49" 0.762193964699184 0.0496835797506151 0.48806637971181 0.190450880891869 0.123345748717408
"mb50" 0.959193879081862 0.0384730001489309 0.95834831432887 0.255111655086836 0.129177932369099
"mb51" 0.936134453781513 0.0390963241116002 0.885470705257712 0.255265150636044 0.125684346382163
"mb52" 0.793553621478094 0.0309230330636921 0.747314333847085 0.190991308851912 0.0903875395567175
"mb53" 0.734813189560001 0.0723237350474753 0.280962165882336 0.1979694251337 0.136782368905955
"mb54" 0.808457211731619 0.0405331840861674 0.697858347791183 0.256877470471629 0.118623523009848
"mb55" 0.723963233697619 0.0314345476032786 0.673724639346623 0.191801448354618 0.0877524435028653
"mb56" 0.891563652136196 0.0364516600153737 0.822864768217841 0.234311024656135 0.112936935550213
"mb57" 0.608904754081221 0.0669000976199483 0.103863148202065 0.1450128816791 0.0862853988491287
"mb58" 0.945551810054228 0.0306598848506211 0.927071027515571 0.200611037814289 0.098457800562295
"mb59" 0.828250502008032 0.034773747676494 0.770735956862342 0.215806979416916 0.102983984560778
"mb60" 0.913296798384771 0.0367127423736431 0.86314806069947 0.23951144534293 0.117704318520258
"mb61" 0.751122366212061 0.0734369459453357 0.260214795466416 0.210820657200711 0.145289356011112
"mb62" 0.779754767338413 0.0475646232355921 0.54005030852373 0.221493713761735 0.132743105521321
"mb63" 0.599525562951423 0.0793527617803934 0.0101929467711266 0.147028873775979 0.0686091581896903
"mb64" 0.663152030840979 0.0917079111393832 0.0205379389419846 0.16957516827674 0.0841808662254895
"mb65" 0.813935199748348 0.038734202753314 0.698913330460549 0.237176043655637 0.113966054406419
"mb66" 0.728622276009862 0.0825958474365206 0.154799176464665 0.210805798033697 0.1264873038485
"mb67" 0.775600582129945 0.0785331206639555 0.259502480468721 0.235262999408122 0.146169812435388
"mb68" 0.721526884344084 0.0757564878076787 0.197376139523995 0.192663085680345 0.111948997668354
"mb69" 0.823712866053494 0.039553716383549 0.702050655980437 0.247402213091092 0.117397684949906
"mb70" 0.722271475899398 0.0398921283199659 0.583150416169301 0.183756722795809 0.108517554943051
"mb71" 0.882082270761725 0.0400124277677942 0.770787320275612 0.246837891886506 0.119865662020817
"mb72" 0.815104538403708 0.0640158911495392 0.444642157864996 0.237903758726564 0.156568193994697
"mb73" 0.648928277335247 0.0485200782033096 0.382764828089569 0.15585742235426 0.0970360459412793
"mb74" 0.617770515889602 0.0630447494899369 0.13488310643895 0.148984511513597 0.095162014853213
"mb75" 0.738219292437894 0.0759734240436446 0.208125780616375 0.199618800187932 0.132979920965579
"mb76" 0.786701249705258 0.0723455461730841 0.301101833320645 0.236801797193553 0.149634562961205
"mb77" 0.70750039263198 0.0417143710738777 0.502202114181751 0.188793837469833 0.115388208713903
"mb78" 0.970299386941254 0.0336424596164963 0.9478711886445 0.221311949680923 0.110224687417414
"mb79" 0.765233502261457 0.0595033021465497 0.36446417538977 0.216715457862999 0.141287069060789
"mb80" 0.901638563399066 0.0414769528175048 0.812541732773282 0.265478915450057 0.131165538833233
"mb81" 0.70023850533409 0.0763211176625757 0.14490349831285 0.181570677699515 0.11094225715499
"mb82" 0.847962940966861 0.0332622164835303 0.787171546882674 0.215801063412346 0.101905374335638
"mb83" 0.655039002341393 0.0437476612044476 0.436071803508052 0.163305735316631 0.103117121640104
"mb84" 0.721895219594841 0.0765791618855771 0.157668752695117 0.188633407575817 0.118662943636581
"mb85" 0.728601367747629 0.0575163637725734 0.364708415773522 0.18789187331954 0.130548705521569
"mb86" 0.814523365776213 0.0313814290254612 0.747314333847085 0.199082771004164 0.0949857681701491
"mb87" 0.787341233236359 0.0292600421781338 0.787223998606144 0.188369319126168 0.0894456877357191
"mb88" 0.628480349882962 0.0496068764234146 0.333236221655281 0.156847335625278 0.107904446668565
"mb89" 0.655484564019643 0.0737361364805936 0.0408846345480744 0.157895011390363 0.0850471253125606
"mb90" 0.697850463876105 0.0786786987280544 0.0931104073724743 0.18724956999427 0.0906516874319883
"mb91" 0.598945489129528 0.0658473099611152 0.073242270609365 0.138827266507432 0.0714855923832836
"mb92" 0.632287386263575 0.0732370276135536 0.0409924577825249 0.147213283176639 0.0819811240028623
"mb93" 0.629840356008774 0.074855870180241 0.0310332445054507 0.148234258076585 0.0815561834937396
"mb94" 0.70731140893774 0.0774931511432855 0.166956300579527 0.187485002286516 0.106999147990469
"mb95" 0.640907514401969 0.0734836547653947 0.0309326648507446 0.152678193081521 0.0810367348743259
"mb96" 0.656672836324 0.0737379525727904 0.103403988058281 0.159440752013251 0.084505874519327
"mb97" 0.589457169752118 0.0648884849024911 0.0528502815105205 0.132458914469342 0.0655435743230408
"mb98" 0.652899255963666 0.0871545800836079 0.0205076291284455 0.164197624193334 0.075669805749383
"mb99" 0.624559539848689 0.0748336930629104 0 0.145309740295406 0.083206181713737
"mb100" 0.581557770553532 0.0736676470956855 0.010314984172938 0.137185207877632 0.0590206944706714
"mb101" 0.565158224733949 0.0633067942152365 0.0418358170626296 0.125577623046842 0.0663845178757712
"50" 0.591633648743621 0.0641365143572929 0.073269733725469 0.134806120024746 0.0664563225383281
"63" 0.6022447468995 0.038655831671107 0.383495410049448 0.139596096305514 0.0874126816723879
