"quartet" "cluster" "phylo" "mutual" "shared"
"mb49" 0.910699382406944 0.0366124691172439 0.843669773511709 0.240048882606928 0.116905841702553
"mb50" 0.981408003627707 0.0342471735735266 0.979155969801561 0.232752877717463 0.116748424092393
"mb51" 0.77525689042543 0.0809522444909013 0.260383266900574 0.221149448424271 0.15129659436
"mb52" 0.80750015048456 0.0356263360161356 0.708286267126869 0.224542397694333 0.10713437320128
"mb53" 0.811981234211476 0.0395285537861239 0.687493581880937 0.246534016769443 0.119313331390097
"mb54" 0.63526936207674 0.0849078386739169 0 0.156945400528699 0.0649602461310391
"mb55" 0.595654257300462 0.0788465624879513 0 0.141618708201394 0.0572087737126796
"mb56" 0.857712235950578 0.0369600609122545 0.833350448317502 0.245002580449542 0.119546402761457
"mb57" 0.820065495683239 0.0339625558913011 0.812403728214051 0.221581200077278 0.10996014638472
"mb58" 0.793459521586093 0.0520680499953339 0.552114218677133 0.247994842882493 0.148770905095783
"mb59" 0.7958925560106 0.0347960332499699 0.726187993417822 0.222908603837484 0.105458696429508
"mb60" 0.684886870572605 0.0729357338546368 0.124449056472172 0.181541943350114 0.100600021396406
"mb61" 0.799267906608627 0.0481866881020568 0.541572775221514 0.226699988542467 0.132373553477717
"mb62" 0.751820299824491 0.0742154452901114 0.249297074321575 0.21963010683943 0.135645046586213
"mb63" 0.735727822196306 0.0531332309296263 0.386269177171719 0.202491800434031 0.132679953747985
"mb64" 0.730379433326729 0.0636770224047649 0.291237964018658 0.190184264233367 0.115252331663184
"mb65" 0.82943307549202 0.0411992833672261 0.729181642277814 0.261934404560879 0.128743549539903
"mb66" 0.738810358721931 0.0527983731337718 0.422077154525966 0.202769315673861 0.131107231641891
"mb67" 0.902444065519558 0.0394778819740411 0.854143133563435 0.262683786971327 0.129800717537127
"mb68" 0.893883886991617 0.0318553382412947 0.874935818809367 0.21154791986795 0.1019979355681
"mb69" 0.817500279735929 0.0462154607617357 0.687551887377584 0.228312468659462 0.139405059684391
"mb70" 0.640859001871539 0.0738495362610931 0.0207831389521845 0.158181566378748 0.0763617815046379
"mb71" 0.709518125862997 0.0726464728584939 0.176490841563669 0.174481682068194 0.103528077017507
"mb72" 0.78037943834127 0.0624104463715509 0.437590876137122 0.237103539437759 0.15542819763682
"mb73" 0.67133928662239 0.0720263514650696 0.0312338433038282 0.163132799614137 0.0978504217084739
"mb74" 0.845204393613407 0.0351595245698555 0.789375379552171 0.227509989458808 0.111150587697763
"mb75" 0.76107379934064 0.0831193193568129 0.176972274080431 0.211083903076165 0.124823734124494
"mb76" 0.761711122544492 0.0683901379674043 0.319189818089609 0.225897697940279 0.140708143132727
"mb77" 0.729522184300341 0.0345237135454934 0.670126865949709 0.219746936025719 0.104200380643617
"mb78" 0.740799551653278 0.0564371090630055 0.426958190273126 0.193329018979651 0.122781447114464
"mb79" 0.715220607645603 0.0704103658430455 0.218254075687727 0.182521792142697 0.109208200656678
"mb80" 0.658753919772917 0.0715936557589465 0.135581767219136 0.16143325704825 0.0907391680698793
"mb81" 0.752561620292819 0.0445642742922969 0.505116194119707 0.204982129370947 0.1227038919317
"mb82" 0.767312898436818 0.0521082948433802 0.510357459486421 0.206224273309856 0.122725485912546
"mb83" 0.782820853216605 0.0504616154327847 0.531209231346184 0.234280127861564 0.136472131440942
"mb84" 0.781434295831836 0.0654004323670242 0.416606356758133 0.219131084906854 0.141825723729051
"mb85" 0.606607465335517 0.0695423843883796 0.0104428362210695 0.145262594552906 0.0623411885930052
"mb86" 0.619149704266535 0.0702770704307018 0.0104442839191018 0.14774307447458 0.0666516469837663
"mb87" 0.63489292418146 0.0832979004401173 0.0100269883707267 0.157270025704186 0.0609735281101689
"mb88" 0.690020817069997 0.0292632122164311 0.659431673267048 0.1850562549404 0.0840872049750818
"mb89" 0.717396548489246 0.0662396136812592 0.249493165929922 0.182841045660521 0.106149402946444
"mb90" 0.709368151935719 0.0716628424078287 0.169363420819671 0.195277673354174 0.104293876133959
"mb91" 0.721452894438138 0.0525056242511117 0.315712145487177 0.195040496183711 0.121919670977746
"mb92" 0.738426629531976 0.0835858098611511 0.125120515575562 0.201915749951174 0.115427311926949
"mb93" 0.714492402376598 0.0573432070889432 0.281711969466836 0.189025905035542 0.127649723113589
"mb94" 0.902888521137355 0.0288566396227553 0.874987163761873 0.193276320368456 0.0898309831522958
"mb95" 0.767831378207139 0.0569946821526965 0.416611590219926 0.216990915835685 0.12850496682732
"mb96" 0.769607237059017 0.0568272497505531 0.458305795109963 0.221988203963494 0.134086419064806
"mb97" 0.588534235876074 0.0701595148784049 0 0.138731442207607 0.0575747419517247
"mb98" 0.902322361382088 0.0316533535732431 0.885357833908587 0.211114372969985 0.102501738782419
"mb99" 0.629415392337344 0.0717862013617822 0.104182982183041 0.150226022704486 0.0803802014754968
"mb100" 0.673620888659213 0.0679196395122396 0.0629971426820366 0.163314183223426 0.10044106136284
"mb101" 0.566313190074795 0.0706036157469604 0 0.128036433895098 0.0468552660392194
"mb102" 0.708117892386763 0.0644103847102924 0.228653083443849 0.176821746506404 0.101121056928126
"mb103" 0.690293881718078 0.0542599224836004 0.250305898637207 0.176760266067621 0.106959856974866
"mb104" 0.850240640040003 0.0451817446692722 0.677069743782061 0.220896335538828 0.132602310815556
"mb105" 0.666252387039755 0.063743392053072 0.093686181863101 0.166058291970098 0.100502292215384
"mb106" 0.655192511869544 0.0666669930214016 0.0420894808736193 0.16131525307812 0.0968416408749644
"mb107" 0.749731607928244 0.0516953746283321 0.399839719737058 0.195328217422726 0.123968416791379
"mb108" 0.704000706838664 0.0716313089466424 0.148020884377674 0.191432817302469 0.104538869183441
"mb109" 0.699186272775517 0.0248972392779092 0.667008966350041 0.159444197441264 0.0713000606531185
"mb110" 0.618700546810672 0.0710593635650392 0.0207727675792978 0.150222615490063 0.063851581296012
"mb111" 0.855150884495317 0.039018693026018 0.750077017428759 0.250535545708766 0.12001621632956
"mb112" 0.582793231411708 0.0751604428893885 0 0.135926998798192 0.050954600121305
"mb113" 0.851317392210871 0.0560584052769221 0.614526879975424 0.2238133533161 0.156061914114543
"mb114" 0.558907094568582 0.0689345970178147 0 0.125465379993418 0.0491009811620502
"mb115" 0.633409997236151 0.066332857304737 0.0836822786884582 0.155610421177146 0.0707049615059599
"mb116" 0.751423728343856 0.0704862720157536 0.281235296813734 0.209846419927387 0.139779527243476
"mb117" 0.665853971512896 0.0302609614490105 0.621083215250436 0.18878676133596 0.0868996102083831
"ufb1" 0.590911070311304 0.0693580885983486 0.0103118211147791 0.138881664866351 0.061305022503068
"ufb2" 0.658355834469442 0.0566740229260065 0.147615047481144 0.161250469135733 0.094210055185105
"ufb3" 0.588887771014639 0.0402034775486091 0.395896671247085 0.149408742887278 0.0913184508800799
"ufb4" 0.754240251792271 0.0494660912474812 0.52078101070893 0.198693547474193 0.118274507726235
"ufb5" 0.564886400721068 0.0714694703590967 0 0.126310787617495 0.0544555838734833
"ufb6" 0.636609460229225 0.0683501008641311 0.0207802954804111 0.149050537590694 0.0715722668345705
"ufb7" 0.654899558563289 0.0713787751729171 0.124337229073859 0.154792484441536 0.0842833292137942
"ufb8" 0.558045329037065 0.0703298003225416 0 0.12507074106611 0.0517169530206168
"ufb9" 0.67805032396321 0.0662719831463735 0.18683702255282 0.183367202756166 0.0888294284672813
"ufb10" 0.635769341927683 0.0805162080993953 0.0099392492494156 0.153767135463719 0.0660701854596714
"ufb11" 0.630287480520375 0.0803523861400831 0 0.150854537549928 0.0633080860383397
"ufb12" 0.585484861093748 0.0777744275389695 0 0.134944740277361 0.0582551390995246
"ufb13" 0.655188399824864 0.0356079834566921 0.449705534821654 0.1590251798317 0.0830100314539369
"ufb14" 0.596644418811137 0.0776235452152742 0 0.141579642669935 0.0524792158512709
"ufb15" 0.552885599173655 0.0681245616184427 0 0.123595643593127 0.0475613720245352
"ufb16" 0.748553798688777 0.0331408070439036 0.652469376261082 0.206325288682497 0.0954547487882065
"ufb17" 0.59175649445687 0.0656300019295323 0.062543527732945 0.138715245541468 0.0759711995197676
"ufb18" 0.816284111481126 0.039978065171169 0.718701818863672 0.198191786997238 0.117439393352073
"ufb19" 0.793271700051361 0.0479208516713983 0.656221084865461 0.192738409594708 0.133087184532804
"ufb20" 0.72804882913791 0.0620315033017742 0.291660635675813 0.203968044335109 0.128495104566926
"ufb21" 0.552718562652096 0.0659299679398427 0 0.121906231005285 0.0521638060717785
"ufb22" 0.553611427190563 0.0630669156552337 0 0.122715589958844 0.0467514679774483
"ufb23" 0.660150718187336 0.0339789870257627 0.541572775221514 0.158471431698998 0.0826307674907126
"ufb24" 0.557075504164086 0.0629160799939978 0 0.122893528339563 0.0491421498251977
"ufb25" 0.564509954955448 0.0640604442804338 0 0.127130956489681 0.0483675418034814
"ufb26" 0.721607654729702 0.0434291204248323 0.500633224554922 0.200867867410829 0.122817332330835
"ufb27" 0.614751323706548 0.07109726905827 0.0729621818956193 0.144969874541116 0.0744651739415666
"ufb28" 0.598793056166245 0.0702643692898957 0.0103201462072422 0.142742898132167 0.0602624056408222
"ufb29" 0.742827631273846 0.0427467546683671 0.541632075081611 0.20286021593527 0.112276745970381
"ufb30" 0.570059849143807 0.0395891865921365 0.302783758491017 0.138045942549211 0.0772606095054657
"ufb31" 0.609260714619191 0.0650815897576162 0.0207710919545497 0.139442998830378 0.0687950014762191
"ufb32" 0.616454072719978 0.0674528662617945 0.0312430449689048 0.150523326586834 0.0759480698267581
"ufb33" 0.77160596716393 0.0442448804746065 0.561751635487788 0.208329520868566 0.124523671024898
"ufb34" 0.722502805836139 0.0434506279442965 0.462988224112452 0.196071356803259 0.114440328620552
"ufb35" 0.727651760639447 0.044924021058643 0.463167986669891 0.206585712874688 0.119571097460566
"ufb36" 0.645959890492621 0.0617661703600165 0.0730657229143641 0.157273758690234 0.0939035576693162
"ufb37" 0.710536626370417 0.0553116259241371 0.291197666778987 0.183469878883533 0.101762566141526
"ufb38" 0.660780612555562 0.05295277874651 0.168790491971416 0.165153614792715 0.0971401217709812
"ufb39" 0.588403557454236 0.0691790411345885 0.0520699618097181 0.138372020830546 0.0734377706093008
"ufb40" 0.60132162271909 0.0771288826398182 0.0417581114688523 0.145532561881126 0.0634116152883071
"ufb41" 0.591414096099437 0.0708080613129989 0.0417611056390879 0.137678231357069 0.06519064453401
"ufb42" 0.591934915812343 0.073151416058235 0.0417583993255002 0.138411282885484 0.062598901018215
"ufb43" 0.632543423827209 0.0689724917720908 0.104327038932112 0.150042768547049 0.0789339102452733
"ufb44" 0.665519174228483 0.0593607624596186 0.136906736282433 0.165778897175629 0.101959568060601
"ufb45" 0.668423517458705 0.0631355509528073 0.0832484468552438 0.161321651516025 0.0969511209685508
"ufb46" 0.581222707423581 0.0310277547952744 0.49476032599587 0.184218883585971 0.0811908439266919
"ufb47" 0.701062361202809 0.0634575256753548 0.218190703601479 0.168955248338128 0.100499814470845
"ufb48" 0.703452878458043 0.0676793197136349 0.197341557914174 0.170343403044434 0.0995965136964772
"ufb49" 0.607880586264432 0.0666307261379343 0.0103309816206561 0.141197442117253 0.0735761128709858
"ufb50" 0.723812536243344 0.0356100543079268 0.62496149128562 0.221383478049413 0.10531933162524
"ufb51" 0.757221937092162 0.0486991264191322 0.500118599720192 0.225699261511015 0.136523910756716
"ufb52" 0.779379480504342 0.0472294715133225 0.521286902976793 0.218453165651783 0.128125690459651
"ufb53" 0.614943266488438 0.0541401430304508 0.187968206898576 0.154472103056334 0.0968534332434481
"ufb54" 0.615698510772478 0.0567866911636854 0.146131445828728 0.14949208507911 0.0881262408090541
"ufb55" 0.612406141615427 0.0594109965783162 0.0949079200584637 0.147492054318759 0.079434400707431
"ufb56" 0.712286351250929 0.0344447702489722 0.620979449222172 0.212877983551359 0.100464168156088
"ufb57" 0.664382114615302 0.0684082693605877 0.124395162586884 0.156261110226988 0.0759277347148871
"ufb58" 0.57376859857743 0.0751557971219545 0 0.129613969132103 0.0562270106891916
"ufb59" 0.564963324564461 0.0602122516353077 0 0.127711854910845 0.0578508543825288
"ufb60" 0.643313912178485 0.0680349895694072 0.0932408118386396 0.16157100405212 0.0727140273886303
"ufb61" 0.585566501748328 0.0373340151547541 0.375816931417357 0.133872215317921 0.0829488187830597
"ufb62" 0.661600138895465 0.0667897640630374 0.0526346975300895 0.158164988755878 0.0952235620730498
"ufb63" 0.591145308057954 0.0771419415797442 0 0.139923383315959 0.0556229409956442
"ufb64" 0.560851079926615 0.0702503402684284 0 0.124298082563149 0.0553290962986283
"ufb65" 0.559513651658634 0.0703351383719483 0 0.1241246596687 0.0553733960864339
"ufb66" 0.743355870619744 0.0487834128063742 0.458427224778486 0.22015683855595 0.12634232039406
"ufb67" 0.614925731135026 0.0794541247207581 0 0.147647297368706 0.0526399608872965
"ufb68" 0.576342859632886 0.0747697870240552 0 0.129932482972937 0.0560201631347504
"ufb69" 0.567486180304374 0.0421740548316299 0.271194937241584 0.129842413290253 0.0792350629573252
"ufb70" 0.707147131743182 0.0433419373029921 0.4602344492856 0.198162039064502 0.120118802847001
"ufb71" 0.64409228582025 0.0646243709940926 0.166939997118008 0.156015075769544 0.0909104342912434
"ufb72" 0.654126247960457 0.0688693070002709 0.146075067800328 0.159845842206868 0.090503028393887
"ufb73" 0.620653195488722 0.0384681580902374 0.376051436451988 0.170442721793389 0.0923157956473866
"ufb74" 0.627199172076395 0.0692070913937814 0.0312430449689048 0.151906889257005 0.0775079145502642
"ufb75" 0.568484526327298 0.0720241673655859 0 0.133835048620801 0.0516100333386719
"ufb76" 0.5817617362936 0.0649591731593545 0.0103157263411596 0.129801242878433 0.0608249458159878
"ufb77" 0.668983449172459 0.0337328028218759 0.583264150163221 0.160622182493074 0.0869403578948542
"ufb78" 0.706742925948224 0.0300043961441114 0.670336595838731 0.193294207546456 0.0911666541147355
"ufb79" 0.609959278680671 0.0719467680514677 0.0625078413580579 0.143926063131882 0.0715235171596155
"ufb80" 0.629195047293384 0.0383636654720833 0.479020714082805 0.146025782787012 0.09132124390091
"ufb81" 0.610121435665222 0.0792338089009272 0 0.145487823688124 0.0519334165834474
"ufb82" 0.724982545962299 0.0327505481909433 0.648946210473411 0.207492507094114 0.098270158479503
"ufb83" 0.743171178506004 0.0556875943792382 0.361694947895591 0.209487699567403 0.124476980568281
"ufb84" 0.660181825276055 0.0502902856428108 0.249401717897419 0.161530230598382 0.0912037165732618
"ufb85" 0.726383033640196 0.0422620938984824 0.486847141522242 0.196878812521585 0.11360108337496
"ufb86" 0.59301610214638 0.0657664513535663 0.0103233452025795 0.133222468434948 0.0601810249924218
"ufb87" 0.558288849687278 0.0698263463770857 0 0.13053682403491 0.0481026745613599
"ufb88" 0.635528373897266 0.0605420865244539 0.177484556565408 0.15510873180879 0.0942778246351073
"ufb89" 0.711521247526618 0.0792494617138984 0.114500981023366 0.191031276135363 0.10123598367767
"ufb90" 0.699258269835969 0.0808925744118052 0.083418843708082 0.187369288008202 0.0977119998896578
"ufb91" 0.579023186846106 0.0752098025097486 0 0.134831355190023 0.0509111880134682
"ufb92" 0.64844090996386 0.0714087689190203 0.0209973826278567 0.156530221445286 0.0770277721826054
"ufb93" 0.767303632929675 0.0358198584458733 0.697966941932662 0.227582967182126 0.109573015091471
"ufb94" 0.605508562252519 0.0649296134569587 0.0724166811920385 0.136502336757045 0.0785613239290909
"ufb95" 0.740327658134436 0.0792254439259892 0.145965098548641 0.20121314728261 0.109228096448896
"ufb96" 0.703825463239689 0.0336710571607522 0.616965497369941 0.213152749080255 0.0994767006606781
"ufb97" 0.794465395055656 0.0510142701725567 0.541809974661899 0.237998763256607 0.148275413785549
"ufb98" 0.55097743165925 0.0396092242780986 0.250588803396303 0.141493065451762 0.0800722058003076
"ufb99" 0.509099082793772 0.043295202250888 0.146006963351003 0.116041310189218 0.0724486211945697
"ufb100" 0.59656376020875 0.0549246157631544 0.105509506755919 0.144135343020027 0.0829274118359415
"ufb101" 0.582278697879395 0.0651107359100692 0.0520834526206319 0.133682133109787 0.0689186298576013
"ufb102" 0.563699393339111 0.0309266727320376 0.452020251775547 0.143822996779353 0.0801620637443248
"ufb103" 0.750300075252032 0.0664723627816558 0.308619132622425 0.216561925722342 0.130873402369962
"ufb104" 0.744364123159304 0.0365559414051185 0.645805521484059 0.228074163186248 0.108093239367509
"ufb105" 0.632274636878786 0.0603147527722172 0.135596825584197 0.164894917053065 0.0956307984136524
"ufb106" 0.623879503719881 0.0796639282044205 0.00998975168904157 0.151560650768464 0.0640476177431204
"ufb107" 0.594374311512278 0.0745025467677757 0.0417579791372734 0.140891009141821 0.0599091507534685
"ufb108" 0.601563938865231 0.0710044167113598 0.0620216441923961 0.139926509875381 0.0667093220838949
"ufb109" 0.628582208767641 0.0657612499317724 0.0207802954804111 0.146809423845621 0.0716858416668026
"ufb110" 0.594306598561792 0.0746142388107774 0.0417579791372734 0.140695712829221 0.0619148271358469
"ufb111" 0.603445121154299 0.0346154696150727 0.468790768653816 0.156424984928462 0.0851515422664399
"ufb112" 0.627817485063132 0.0613089291869845 0.156584771456155 0.14671209670138 0.0842315719647509
"ufb113" 0.644059990341448 0.0665453959131839 0.146075067800328 0.152281380276166 0.0855348139573402
"ufb114" 0.536266359795266 0.0404936815467758 0.229489372955893 0.124985877377398 0.0778393586841785
"ufb115" 0.694689962315862 0.0312498176822855 0.620875683193908 0.193626971788407 0.0907755504841306
"ufb116" 0.804999745430477 0.0387044439693259 0.635319068980258 0.181902141959342 0.105865580092929
"ufb117" 0.630955605348041 0.035217345975603 0.499940700139904 0.163628637992935 0.0895126668231748
"ufb118" 0.687665502125103 0.0411685718443741 0.447496234900479 0.184542402837756 0.108915716959862
"ufb119" 0.54412026034537 0.0658027176441684 0 0.118588372182978 0.0489493654920293
"ufb120" 0.630693746160037 0.0686335477262309 0.104327038932112 0.14898833979641 0.0763600181077586
"ufb121" 0.65099527441051 0.045458925912444 0.333289272175941 0.168698642655552 0.0904903842876546
"ufb122" 0.68466736687739 0.0423765949519424 0.416676549976683 0.192757133293044 0.105407097765135
"ufb123" 0.615822624241646 0.0682216530330391 0.083419999754729 0.14254573034904 0.0732839590172395
"ufb124" 0.645279306051966 0.0588412250549356 0.113602144939117 0.152539215695788 0.0944683010522993
"ufb125" 0.684650716391307 0.0296317150344869 0.656176191630772 0.186840839004545 0.0821760623357095
"ufb126" 0.61972358105556 0.079577894978281 0 0.148765717359207 0.0598602346016082
"ufb127" 0.547932505858156 0.0667137037817525 0 0.1196492297881 0.0489228564070023
"ufb128" 0.549360159756917 0.0645298154632465 0 0.119788456388835 0.052865684603224
"ufb129" 0.605738763669197 0.077041287486206 0 0.143841833198353 0.0515788854432212
"ufb130" 0.588916988977126 0.0744379179987239 0.0313218915454834 0.137714474433794 0.0575889801586111
"ufb131" 0.592663835046291 0.07219301095761 0.0620801532429151 0.137238273833456 0.0679520046239863
"ufb132" 0.62676407859509 0.0345158436915124 0.447298971345023 0.156320445421416 0.0901112959217948
"ufb133" 0.716612581128308 0.0337736108656042 0.583222085936237 0.207048266081802 0.0930560113620303
"ufb134" 0.618598578267808 0.0706139274851211 0.0827461606989403 0.142156700612411 0.0774941677066407
"ufb135" 0.60632954600868 0.0422931988513181 0.300925581206107 0.156097058908256 0.0907455966508513
