"quartet" "cluster" "phylo" "mutual" "shared"
"mb49" 0.879693783613547 0.0411076861088045 0.812509629650765 0.263025335112865 0.130857278298487
"mb50" 0.784589837263368 0.0330439743494203 0.768460384698252 0.207908808931385 0.10078077590648
"mb51" 0.824290459817006 0.0331932887627153 0.810440550032979 0.216420617772529 0.105188729987193
"mb52" 0.723310170562224 0.0290356443905053 0.749807406984706 0.182674744403695 0.0891597075803622
"mb53" 0.774795466177654 0.0820452771632586 0.301387429089758 0.219161576731446 0.136589775078798
"mb54" 0.99845302831427 0.0414327222427779 0.989575308624363 0.275905088456551 0.13848756316779
"mb55" 0.873575284943011 0.0403729206170345 0.787193870979138 0.253539974499281 0.12561811562014
"mb56" 0.811654643823264 0.0435113830789567 0.697885154272588 0.212691014974064 0.132371406522159
"mb57" 0.797519642039249 0.0464010274025449 0.581339570997492 0.218947255186717 0.129346846353412
"mb58" 0.805681716982812 0.0808935840302589 0.344625928418827 0.247459074070841 0.172645680791864
"mb59" 0.715511735321604 0.0880368394239217 0.0939028350752094 0.188271311989862 0.100909808209477
"mb60" 0.725843787757314 0.0512523462111341 0.386264625702914 0.190724117517747 0.124366399693314
"mb61" 0.786458333333333 0.0343315768545257 0.694618845905244 0.212837768942638 0.101720515302482
"mb62" 0.826604334891628 0.0367729853811628 0.747340560838738 0.232691816209987 0.113638084240936
"mb63" 0.961178120617111 0.0352439978162307 0.927078518507951 0.232954259740248 0.114646888587342
"mb64" 0.842642352514945 0.0351279585198571 0.765850322611035 0.22338937525319 0.105950003402046
"mb65" 0.790789919218304 0.0393805266861171 0.71267501346666 0.250970766840953 0.122746624260575
"mb66" 0.724217547460236 0.043677012717886 0.549922164162785 0.201184420500535 0.1227878362926
"mb67" 0.82488348300557 0.035382249439746 0.800010379295372 0.22431286997864 0.109796430403933
"mb68" 0.713295580957787 0.0656803390402629 0.197977690889096 0.196235328869665 0.0973474352639759
"mb69" 0.645672570442214 0.0855756023317081 0.0103055807152984 0.165039502769356 0.0707579701818324
"mb70" 0.801698863213003 0.0852893803781552 0.281678234706341 0.239652093768319 0.152004624648995
"mb71" 0.781185579968827 0.0335404005297857 0.760334814635167 0.214344699899017 0.102543426952159
"mb72" 0.775520816406123 0.0762348881671204 0.343140734197373 0.217520458817677 0.149656011102376
"mb73" 0.840995329830706 0.028515805091163 0.874903703492353 0.185542869014995 0.0907872524162776
"mb74" 0.599485706039018 0.0599633523361757 0.124191602834328 0.144921659528392 0.079605948437661
"mb75" 0.767168477268087 0.0495557867185358 0.49473191957628 0.194656696563417 0.130463806725655
"mb76" 0.777056810330514 0.0860413168344599 0.198114444263826 0.217442507504171 0.1360632279675
"mb77" 0.747376859609668 0.0539009825467443 0.415547633637633 0.182854552317694 0.122989419686094
"mb78" 0.611610748443905 0.0824188694597653 0 0.147339851590948 0.0504354994098845
"mb79" 0.710140848007173 0.0520781942943028 0.352500962763643 0.196452773883141 0.115519837576205
"mb80" 0.748499408907535 0.0818849164905195 0.207586496095201 0.206906853124277 0.110035378465732
"mb81" 0.751039389653251 0.043927839624854 0.533440512007662 0.197708533147251 0.123556771967924
"mb82" 0.576501668734922 0.0612798357242575 0.0826589463930199 0.136239879698466 0.0668529814265286
"mb83" 0.74232131452128 0.033901979181493 0.659657042987328 0.210008428838868 0.0976473258322749
"mb84" 0.796715008566078 0.0609707609456124 0.450371698915599 0.231565537658377 0.155112476335149
"mb85" 0.638187127078837 0.0493408151550346 0.310919480303456 0.159168149991665 0.100529678647684
"mb86" 0.656203726096678 0.0799408849996405 0.0624767323745915 0.160546993711144 0.0766551824597937
"mb87" 0.635112437905432 0.0643371079328437 0.0932724542784243 0.157683697613181 0.0761705260011962
"mb88" 0.691805225653207 0.0396129633942314 0.489390805892789 0.179552924919145 0.103682904529733
"mb89" 0.63318789929142 0.0769851908355007 0.0418094873754122 0.152176488440463 0.0729829723365309
"mb90" 0.572045802314186 0.0622023306581587 0.0827158400297803 0.133965389371525 0.0661604026585494
"mb91" 0.818519777604755 0.0537024970246951 0.602881889978563 0.208749052583267 0.148345106163407
"mb92" 0.746041666666667 0.0284908526432333 0.729112098645667 0.179362746066683 0.0802730119917843
"mb93" 0.697280649935949 0.056851204136311 0.252692022010387 0.188755683137894 0.0955809765016353
"mb94" 0.781255896334078 0.0629260309538645 0.446747477657516 0.211534213980296 0.144942957139729
"mb95" 0.704749670662411 0.0587808742151792 0.233506103334554 0.192560471404142 0.106171751226811
"mb96" 0.710388891086759 0.0837385901685349 0.145308892880687 0.193806255462748 0.0995378260188711
"mb97" 0.613769439139296 0.0740615614535422 0.031354155934966 0.142660376720995 0.0730241653147223
"mb98" 0.731018978590501 0.0875733048305443 0.135582680733642 0.193656219950953 0.116783106078566
"mb99" 0.666287044143497 0.0451950131249254 0.404422278435912 0.171215563103328 0.105397450808362
"mb100" 0.847313872777408 0.0643725198708715 0.56226447035737 0.245092826624326 0.171210971719133
"mb101" 0.607013764603077 0.0814467922753948 0 0.144587629570445 0.0578178948499757
"mb102" 0.643609944161001 0.0529084769321517 0.239749562559993 0.154281366601328 0.0908608772505653
"mb103" 0.56348658002191 0.0612268308789747 0.0417790736386026 0.127331982008721 0.0629517356150738
"mb104" 0.704909938378891 0.0448375200795613 0.392588772762855 0.204921796823332 0.111336098991502
"mb105" 0.772173713235294 0.0332816626080416 0.715842462718478 0.210838583206037 0.0990976786550201
"mb106" 0.739233994542284 0.083536470827344 0.114740438800757 0.198506162464736 0.102329664098086
"mb107" 0.626447722332076 0.0446922785716624 0.331166009666771 0.163382260044735 0.0923113938171906
"mb108" 0.753754286389973 0.0335817457452269 0.697786666381343 0.205481241398933 0.098539504679177
"mb109" 0.689606741573034 0.0405018439970065 0.460252393790138 0.179416819136371 0.10782442801593
"mb110" 0.743989200394109 0.0579730369937283 0.384735107883857 0.194607464052325 0.126194102910631
"mb111" 0.762434009447069 0.0239558640247546 0.677604939416422 0.153440336202472 0.069356270631572
"mb112" 0.595705656586584 0.0782193384110197 0 0.142620048385468 0.0502133676770723
"mb113" 0.584157812129493 0.059394379399118 0.113824854389231 0.137149986884853 0.068117281605594
"52" 0.617163782530427 0.0798018544190707 0.0102836861173977 0.150587914551722 0.0585501097591087
