"quartet" "cluster" "phylo" "mutual" "shared"
"mb49" 0.756032533495326 0.0774942898492498 0.250526286626045 0.22269055516976 0.149817778462627
"mb50" 0.768592456301748 0.0498152987817028 0.489664267332214 0.232829850259905 0.143942795670578
"mb51" 0.831027293404094 0.0404089029892545 0.729139920384043 0.26560425713125 0.131565113058364
"mb52" 0.649727131056897 0.0938957273149855 0 0.162962683520794 0.0780699395765312
"mb53" 0.739932833244405 0.0551349085079569 0.364566118530458 0.212726817147972 0.139387383251712
"mb54" 0.747946784755163 0.0827284542082427 0.206599115396848 0.219969017888663 0.130311308744458
"mb55" 0.749183448275862 0.082816538063678 0.166983076274548 0.21913726308675 0.130259643121566
"mb56" 0.926387079968742 0.0377179146951169 0.873605554556905 0.258889085842964 0.127874000447616
"mb57" 0.753059599789505 0.0820513773553977 0.187720099871614 0.220961914877623 0.13060357293682
"mb58" 0.771785043283602 0.0739904284025051 0.310227240806669 0.227559492852449 0.141479979683262
"mb59" 0.684014748878446 0.0989095768768836 0 0.181473924504348 0.080384845489724
"mb60" 0.83669436857093 0.033140509364188 0.799927352472697 0.219159271880497 0.107761414503397
"mb61" 0.830082037901068 0.0815766989170506 0.344650374470414 0.254833830834022 0.17595130193974
"mb62" 0.857701161732427 0.0371248756253815 0.78120667102215 0.244334216880581 0.119831739965895
"mb63" 0.671253536344257 0.084109188235929 0.0313124319296765 0.182768011704443 0.0993926951652764
"mb64" 0.885893587994543 0.0394217109352057 0.781258023884787 0.258286947601352 0.127933049671473
"mb65" 0.843565932608119 0.0362612107605448 0.757847761749263 0.244476087914176 0.117369204426492
"mb66" 0.846429295317884 0.0302584366931763 0.840543244597241 0.210316001074495 0.102489494180958
"mb67" 0.90367621067515 0.0350417460836983 0.864544283760703 0.238123204698633 0.1167374466674
"mb68" 0.876430156643899 0.04506661735206 0.77077525855551 0.231395712398213 0.144970041127188
"mb69" 0.84092363171058 0.0376606957689724 0.708344031846383 0.240284053357051 0.117236165193049
"mb70" 0.987367995553534 0.039227070023108 0.968729137899554 0.272664516175278 0.137881057925942
"mb71" 0.878500926900145 0.0369924039590792 0.829689047160595 0.255643501881653 0.124830210757322
"mb72" 0.895262950561355 0.0400051603446693 0.80200255955981 0.26492996753602 0.128769931905938
"mb73" 0.832125214110171 0.0729956486574299 0.400553307432014 0.252504583866129 0.176134071021581
"mb74" 0.79185949922867 0.0335454466990496 0.729139920384043 0.221134693262646 0.106042133843962
"mb75" 0.811477306271591 0.0573383869339743 0.540558743187373 0.208587679181666 0.145436307212191
"mb76" 0.765911097430208 0.0785865581373931 0.258366242309866 0.224692204512499 0.135276370409401
"mb77" 0.806233062330623 0.0370905117153162 0.684117668574124 0.2393056188351 0.115922482038079
"mb78" 0.736554385400756 0.0441193868570831 0.479120948224551 0.203556477075883 0.122189527744648
"mb79" 0.669624618775712 0.0754467541819166 0.0937710963275699 0.176838152945277 0.106819615279624
"mb80" 0.832041137663684 0.0627394714003444 0.469914298374941 0.249240998183121 0.162766537264287
"mb81" 0.794453154565605 0.0364356912172137 0.708446737571657 0.23778544773341 0.114461222052856
"mb82" 0.892494727207609 0.0610752997853468 0.706537185208356 0.260475714049097 0.186133107764013
"mb83" 0.936304298897142 0.0333927458889297 0.926321797915792 0.233528790346945 0.116053733404925
"mb84" 0.626556403336708 0.0794022317490898 0 0.162593653324523 0.0777033891834271
"mb85" 0.716314540651246 0.0815853437858557 0.133713543732768 0.198476486259018 0.117695324612353
"mb86" 0.743599719866158 0.0357098014775323 0.573983603704909 0.177221648225035 0.104157433123719
"mb87" 0.688001417122445 0.0983949562427913 0.0104504918230976 0.185615839691109 0.0857457758018588
"mb88" 0.733764672680332 0.0537695693359725 0.402857061177334 0.211618171389385 0.132622211692216
"mb89" 0.699602612838552 0.056388372298757 0.249945709294957 0.184657904247801 0.123616403448281
"mb90" 0.647266553480475 0.0277242806459725 0.663207600939734 0.179453327657173 0.0848277050339321
"mb91" 0.833147639208695 0.0510387078158013 0.620882475454638 0.213154688133676 0.141050350012498
"mb92" 0.704630580140388 0.0406752911460168 0.473049585599572 0.163751001837217 0.108997747575826
"mb93" 0.608414075558804 0.0824703263264066 0 0.145853834191168 0.061247368577681
"mb94" 0.655846433817887 0.0647242029484474 0.11462465403006 0.172089180532324 0.100884035803071
"mb95" 0.813047210300429 0.0500640556587684 0.578810259147332 0.206677483112229 0.136842046525379
"mb96" 0.787018744441503 0.0828899381876833 0.274275390433978 0.237067531964437 0.154580648580969
"mb97" 0.712788548417427 0.0783557453658453 0.13541807439397 0.200956903725385 0.0942930340818988
"mb98" 0.759026302891684 0.0469123336377478 0.468755560351068 0.218101850199871 0.135173520041623
"mb99" 0.589962737101452 0.0769216191011284 0 0.149117027951235 0.0737384299002261
"mb100" 0.782658336240525 0.0563752240717375 0.489541329214318 0.224276522597633 0.147866611242959
"mb101" 0.820620050222136 0.0591331432623805 0.570255731613278 0.242211793781608 0.16422152610196
"mb102" 0.608789154670561 0.0769267336250474 0 0.15594549955675 0.073546824975372
"mb103" 0.711419593441266 0.0583713055156496 0.323560433614077 0.201673026383104 0.135009106491034
"mb104" 0.656345123464678 0.0779209862859546 0.0715498510396453 0.172873211620946 0.0946170130936222
"mb105" 0.883268031885121 0.0478204003504407 0.724883838047482 0.242739576170658 0.150763294089945
"mb106" 0.809656453110492 0.0263886534714939 0.799927352472697 0.171509667003206 0.0809945863453524
"mb107" 0.767242698191933 0.0779739183631546 0.200339955173702 0.220931270884522 0.133159454315991
"mb108" 0.628039495014 0.035035017777047 0.43919553723067 0.160188650806063 0.0848924594487568
"mb109" 0.614426207276805 0.0835551872272993 0 0.147241282279716 0.0613436047087817
"mb110" 0.887472175576991 0.0483149054523737 0.735525430791849 0.246974105726774 0.155532497691454
"mb111" 0.6731438268986 0.0230517465337767 0.653037968122656 0.150950523730708 0.070221434639587
"mb112" 0.702418700944254 0.0776280028839986 0.0834458699079439 0.195952048411047 0.0986111991376242
"mb113" 0.710894689001428 0.0344263448048892 0.628275963305737 0.17110817278577 0.100647855445718
"tnt1" 0.610132793041363 0.0832441105894572 0 0.147470916236185 0.063469706391611
"tnt2" 0.603369900323061 0.0802309429750586 0 0.148233561565907 0.0657437732498841
"tnt3" 0.600361891022399 0.0805022889569705 0 0.144803379774082 0.0625914063212669
"tnt4" 0.620190176579999 0.0859151084622965 0 0.151109107464276 0.0664333635636171
"ufb1" 0.671472720037784 0.0648471499234439 0.134293372899203 0.178380879288402 0.113226897010261
"ufb2" 0.705373094710621 0.0517499951295013 0.33684491776108 0.202296789958906 0.126839762116538
"ufb3" 0.731660267382153 0.0677163152281346 0.261141678561147 0.210461026892572 0.145906252593256
"ufb4" 0.632241107102852 0.0887186627669533 0 0.155178613970578 0.0658483215652069
"ufb5" 0.607819145367948 0.0819066233398771 0 0.143945934485798 0.0601001442350952
"ufb6" 0.646507624200689 0.0585835756470955 0.125312977824504 0.169064443722559 0.101618757072337
"ufb7" 0.664859055250342 0.0941661524712811 0 0.172735683132067 0.0655453754546407
"ufb8" 0.731478098485771 0.0448469878397801 0.437303534262259 0.206249600076111 0.122449290718517
"ufb9" 0.636024295761405 0.0780910441333205 0.0104375193455598 0.166544919070208 0.0822188848212905
"ufb10" 0.596329944480496 0.0744273042420162 0 0.148261090149635 0.070731481358946
"ufb11" 0.610700952523943 0.073448415811433 0.0105465222259664 0.156015944040508 0.0707004303317289
"ufb12" 0.671549441498594 0.0556922037533545 0.177177588029588 0.180915120474211 0.106662499794988
"ufb13" 0.72708919256398 0.0506847947236065 0.385417355258782 0.192650397953686 0.129991593184784
"ufb14" 0.855312874389457 0.0514662572972683 0.614404784282368 0.246236766992957 0.154269962295256
"ufb15" 0.636713389079035 0.0895919097386181 0 0.158460795233995 0.073603274037304
"ufb16" 0.612407572918765 0.0832170599997367 0 0.148550449197512 0.0658383411955458
"ufb17" 0.66100477360152 0.0342867995364249 0.55431939476116 0.166274182542916 0.0888593133000686
"ufb18" 0.643850554360391 0.0773548740883495 0.0612282707980093 0.167194594345525 0.0860699660603791
"ufb19" 0.622713064561877 0.0776305497503716 0 0.16059308203677 0.0774886447234352
"ufb20" 0.63291337083489 0.0773907229781333 0.0409844069912765 0.161793335669192 0.0787316477617473
"ufb21" 0.604221069213405 0.0812729278515542 0 0.14739472583686 0.0697102766838304
"ufb22" 0.607409217297851 0.0820598007664366 0 0.148297751979719 0.0673996006004348
"ufb23" 0.691359637662225 0.04802114484141 0.373071976647606 0.187269729015678 0.118284918524347
"ufb24" 0.603018174279229 0.0753356935528627 0 0.150697604086005 0.0620917529403548
"ufb25" 0.855465856910087 0.0529605640429041 0.599952054699246 0.256136185629056 0.159646357816283
"ufb26" 0.638959735153159 0.0698927522483776 0.0417524188969928 0.161757877092014 0.0846108819724916
"ufb27" 0.668983273048917 0.0772309310474093 0.0922951049675881 0.180670619838108 0.0917489176215219
"ufb28" 0.84696237739716 0.0637418145964877 0.484064276423821 0.252578694303654 0.174373597351488
"ufb29" 0.654310526758413 0.0803492134751514 0.0609068410853705 0.170585872058165 0.103994593809553
"ufb30" 0.593361526829142 0.0736226170494627 0 0.148425860400691 0.0651905929816113
"ufb31" 0.592959257809026 0.0770400159544064 0 0.151127760349441 0.0754573531461188
"ufb32" 0.665212299695127 0.0610378811244346 0.187455880061942 0.17576441332165 0.110468281157717
"ufb33" 0.618045240494392 0.0840392547315388 0 0.147346514302017 0.0601075529210803
"ufb34" 0.81367647966426 0.0343557738903144 0.715768171025829 0.225454313333296 0.106579897890829
"ufb35" 0.609762876748024 0.0480767574321768 0.330640802447737 0.146549314374423 0.0965170187949965
"ufb36" 0.780656649972176 0.0453183798596017 0.534719812349784 0.216773623028868 0.13239830753447
"ufb37" 0.634853048737328 0.0766342207991019 0.0105463768760529 0.164867039103719 0.0720649110730639
"ufb38" 0.65355883894925 0.0683103410942712 0.0937697701411881 0.169034964831892 0.0990238870730357
"ufb39" 0.817220356665471 0.0699825100339795 0.400699885472923 0.242950697308802 0.166035493537626
"ufb40" 0.606774907148124 0.0827348263554321 0 0.147902121787894 0.0673054035942602
"ufb41" 0.768919630462879 0.0393506486628915 0.599892123073304 0.192635540076512 0.111309821932415
"ufb42" 0.636919796306557 0.0833295119753353 0.0300006486510799 0.163566974882699 0.0811826078072969
"ufb43" 0.681536796885056 0.079589351874944 0.0923579128544396 0.180888494350832 0.105229390361471
"ufb44" 0.6333513364981 0.0771357117698737 0.0104375193455598 0.163560300618086 0.0668971345148302
"ufb45" 0.634185350827829 0.0608409848624508 0.0730826666296257 0.160750905187959 0.0906592218603457
"ufb46" 0.641962531311404 0.0620189542994641 0.104403809470894 0.167799325667912 0.103875836293893
"ufb47" 0.653732226620296 0.0680968467578386 0.0939505638294565 0.174944669768363 0.109589018484276
"ufb48" 0.738694242938725 0.0310400709104201 0.648995863373956 0.196016160564626 0.0925741483117947
"ufb49" 0.608482142857143 0.0367196788653351 0.443087851829869 0.14432685021618 0.084979195930377
"ufb50" 0.738365921835377 0.0755961740198498 0.227177354704261 0.213459033506183 0.121729976405752
"ufb51" 0.606198194150048 0.0810842451326907 0 0.147274768009541 0.0601129264560202
"ufb52" 0.675784279927605 0.0496489307992329 0.313563441960675 0.192363598192083 0.114760160377171
"ufb53" 0.815827723378213 0.0488088582671208 0.557756578672828 0.232383439364705 0.138697188403322
"ufb54" 0.698787061994609 0.0494427185312409 0.302012408345488 0.185014851265017 0.116228104956925
"ufb55" 0.712667686920076 0.0782513610800561 0.126376153902651 0.201786517130206 0.101917211137017
"ufb56" 0.666893244212832 0.0790271578782098 0.0526970832905286 0.176671846903992 0.0987997866489951
"ufb57" 0.687341058421458 0.0482192387553159 0.302078513188528 0.177155714907022 0.111490078319559
"ufb58" 0.606001562489567 0.0748747390007475 0 0.15100161704799 0.068527228550674
"ufb59" 0.668391071843757 0.0318172829651577 0.59378690987002 0.200412535864389 0.0958752420243024
"ufb60" 0.754998456075344 0.0631888261423867 0.340332740833173 0.216370402445329 0.136562771103172
"ufb61" 0.631375351977159 0.0802359705208589 0.0298734512811046 0.160306683379528 0.0767702444610165
"ufb62" 0.654532088674004 0.0802794580110712 0.0504485126434692 0.167816861211577 0.0960979089232325
"ufb63" 0.677361105278629 0.039753836576388 0.382674553052441 0.18451821141657 0.1039025266345
"ufb64" 0.67358067299396 0.0611393151188645 0.197961603640615 0.184028960410266 0.111352887391127
"ufb65" 0.669441648410208 0.0710423451360255 0.145823918980387 0.1776513995725 0.11650664529089
"ufb66" 0.653474585729144 0.0917051839509383 0 0.16675236436146 0.0702136849379156
"ufb67" 0.637235377660285 0.0904612513693624 0 0.157784787900892 0.0689023503834867
"ufb68" 0.623360531238508 0.0799109151434797 0.0624148735569393 0.161254577267594 0.0870569638688744
"ufb69" 0.656111282028743 0.03879057640615 0.416632068926687 0.179124543197059 0.108711377698622
"ufb70" 0.722543007836131 0.0767149504475151 0.154354029789357 0.197077125374054 0.112985820433715
"ufb71" 0.636001724544361 0.0787346651375275 0 0.165024609529655 0.0796944142538428
"ufb72" 0.623911144036481 0.0868813432458328 0 0.151620173256453 0.066718028231801
"ufb73" 0.749733471882971 0.0599154976834503 0.41655205295602 0.211163370687179 0.136696332109759
"ufb74" 0.591404871983362 0.0769472545882206 0 0.14286474151739 0.057247451176392
"ufb75" 0.779367779015893 0.037497926616831 0.62500641910783 0.238101022841351 0.108878595226643
"ufb76" 0.610363997222637 0.0815567693624172 0 0.14624696842598 0.0592248621366008
"ufb77" 0.713933373876613 0.0594969525591902 0.274170794167837 0.200943541357512 0.134302712435226
"ufb78" 0.815707815747984 0.0591868493965731 0.46292797303168 0.232537713547313 0.158207106611587
"ufb79" 0.574940290109521 0.0726872075544928 0 0.143482434588987 0.0675636320561425
"ufb80" 0.636843522842226 0.0768251908342935 0.0104375193455598 0.164091464716285 0.0739693396550524
"ufb81" 0.645962627885347 0.0917792174372284 0 0.15935728988213 0.0737202384425787
"ufb82" 0.848093769913555 0.0672003383130419 0.550055999013693 0.245629340799655 0.165606911924291
"ufb83" 0.800148957298908 0.0369681163940368 0.635378686945341 0.235693880503154 0.109774124923067
"ufb84" 0.640419527294074 0.0786383325995728 0 0.167469489013771 0.0764665886216932
"ufb85" 0.752923719713388 0.0453198968636661 0.526981960713706 0.222101041431191 0.134190888243553
"ufb86" 0.648531621169601 0.0521635838935177 0.227662687560337 0.173809796946421 0.107326045362705
"ufb87" 0.739502552405778 0.0431916305058797 0.468696249939675 0.196705164775459 0.117961359261916
"ufb88" 0.605089731768385 0.081142866759126 0 0.146025011692247 0.0626933469346469
"ufb89" 0.589978595363532 0.0776984780836594 0 0.137271451470305 0.0523943079926162
"ufb90" 0.594673904594097 0.0789012043062409 0 0.140969539215914 0.0588255648506369
"ufb91" 0.67969555711398 0.0408707383802879 0.397668103233059 0.190726223477881 0.103198797174666
"ufb92" 0.586380312975766 0.0396177556109294 0.403972431177674 0.153040103357864 0.093540846569999
"ufb93" 0.690343078334975 0.0961230981532076 0.0312189581052721 0.191843572463878 0.10576289281999
"ufb94" 0.635235801895428 0.0386567512976791 0.411782648599097 0.151710690641885 0.0924704195809904
"ufb95" 0.639056719278167 0.0342682627364847 0.490155199999673 0.162097379701784 0.090528362483813
"ufb96" 0.650764316416387 0.0818360331062985 0.0401671019802408 0.167306243982666 0.097093604939199
"ufb97" 0.679214592903209 0.0942666200113233 0.0207594241450981 0.184346462882317 0.0844944721328027
"ufb98" 0.680882472439665 0.0961648216165558 0.010556415791053 0.183253190857392 0.0897132691788598
"ufb99" 0.633688930902614 0.0809110354064315 0.0403308268368504 0.161707353625887 0.0825266590590633
"ufb100" 0.567814192316785 0.0724861058572739 0 0.139889981515226 0.063868824702071
"ufb101" 0.590144437791685 0.043194423410116 0.366535649764372 0.14665107381926 0.0952756824654244
"ufb102" 0.612870997611969 0.0327904216085217 0.496783552583039 0.156542038844634 0.0809828204281186
"ufb103" 0.574834166055625 0.039381878594752 0.32187602626181 0.129584405968416 0.0830387926912518
"ufb104" 0.475369458128079 0.0234279916107323 0.568307984675551 0.14591508096126 0.0603986669179131
"ufb105" 0.631901476416995 0.0757553449363696 0 0.161774552032603 0.0707297321351666
"ufb106" 0.61150045838851 0.0559542002340532 0.239874633400266 0.146888770652296 0.0984588910790175
"ufb107" 0.652241734897523 0.0715561852669315 0.052190523621241 0.173973654017651 0.100386421525019
"ufb108" 0.644980654037879 0.0916071069690961 0 0.160149833238832 0.0706052443064947
"ufb109" 0.776378364489562 0.0740408519849083 0.284510160602732 0.228514039426429 0.14872984247593
"ufb110" 0.728649512325492 0.0564430492746706 0.406795867503137 0.182311464912405 0.117835861981801
"ufb111" 0.63122300328241 0.0676278559075052 0.052190523621241 0.159165548028816 0.0934582330329707
"ufb112" 0.715307644096734 0.0522306210159144 0.313364581391719 0.198878086398326 0.126864647031893
"ufb113" 0.679158995070381 0.0302285847368033 0.63160898957896 0.195467135715374 0.090888793256758
"ufb114" 0.763592134603689 0.0415302790030263 0.575559712553287 0.20196442668576 0.125700736821957
"ufb115" 0.821970314793672 0.0263691329459364 0.822798448097471 0.177063621344755 0.0843952331784014
"ufb116" 0.684314903119445 0.0785130134310459 0.092129598889122 0.180545477664978 0.0985786373008326
"ufb117" 0.649401138267695 0.0748507131333262 0.0313129501229685 0.168664532089527 0.0857893845866002
"ufb118" 0.598158391305404 0.0439836639978531 0.355937596542446 0.145961580727121 0.0934301208601959
"ufb119" 0.679397846512585 0.0562729204691277 0.229237546198251 0.187993230975012 0.109841187207232
"ufb120" 0.764256734286664 0.0634860488296023 0.340332740833173 0.215024522105437 0.134988687743325
"ufb121" 0.636769390237553 0.0762325168405747 0.0408705618652241 0.163340330018521 0.0771669176087791
"ufb122" 0.691193463189171 0.0398790006651966 0.434792358396533 0.188102117569491 0.106218419576221
"ufb123" 0.636159225484 0.0646527776925236 0.0626337092196377 0.164855209309791 0.0887815143610257
"ufb124" 0.605759617358569 0.0755568909050779 0 0.154136267907075 0.0717122941757756
"ufb125" 0.582877406519362 0.0730505246443085 0 0.140379761324186 0.0622793475216721
"ufb126" 0.70656304709851 0.0518577204991543 0.315775411194598 0.199770556802034 0.124124297682685
"ufb127" 0.619317312107761 0.0247204704336106 0.666702001412776 0.159809482141218 0.0727821700820551
"ufb128" 0.706863296632645 0.0432179715217599 0.44680335608584 0.20218593384955 0.116989878763783
"ufb129" 0.660436009092652 0.0545018272185617 0.179104437588778 0.177068163301036 0.104849814167478
"ufb130" 0.640738985167116 0.0466522301872542 0.302144618031568 0.17258902075207 0.108759103674629
"ufb131" 0.676209353732288 0.0758813626354446 0.0520940057939991 0.181041973793107 0.0995297188582259
"ufb132" 0.678743304106273 0.0780020880165444 0.0721922890985499 0.179034047530569 0.0950623706287474
"ufb133" 0.635142264771894 0.0789610442981777 0.0200144437999261 0.161155552891946 0.076827201086576
"ufb134" 0.757406761937958 0.0266964850027703 0.791681644584936 0.177943989904355 0.0851070238584419
"ufb135" 0.668075207546365 0.0799375963523219 0.0618853112949356 0.172278210498366 0.0975843037572421
"ufb136" 0.629739190747333 0.0651340747414007 0.0626337092196377 0.157791671188757 0.091684228994406
"ufb137" 0.826559430255403 0.0594015109039925 0.505200579815962 0.232940366588181 0.153391240503388
"ufb138" 0.589476964628889 0.07552643181016 0 0.146363285228814 0.0706057576630291
"ufb139" 0.653994719293539 0.076392417409739 0.041750600163958 0.169351506778224 0.0934092403109278
