"quartet" "cluster" "phylo" "mutual" "shared"
"mb49" 0.750847538103604 0.0567048045548426 0.439895107751423 0.219034573161083 0.132591483435971
"mb50" 0.771476160732875 0.0455430313873781 0.554557695157821 0.209356704883798 0.124573769235875
"mb51" 0.738209191910507 0.0702881942639972 0.31250490221534 0.206759635346196 0.149507587196986
"mb52" 0.93604206500956 0.0439155749189808 0.83322206879762 0.277460613801655 0.134387635559299
"mb53" 0.843065239043825 0.0304921970800355 0.833273421660257 0.191116686701215 0.0923842280885943
"mb54" 0.724315778243768 0.0854556263979279 0.135656717756531 0.194022809738093 0.121584271051759
"mb55" 0.772420100604644 0.0349218765605887 0.739614893946829 0.216493620845728 0.104654019561438
"mb56" 0.720615529474253 0.0720999813869588 0.250685858837117 0.189751398449375 0.117106789819535
"mb57" 0.896057347670251 0.0314024833583694 0.874967904460852 0.200358952607317 0.09867923101099
"mb58" 0.761774064799729 0.0529039529164867 0.501409844969278 0.201719324333878 0.134628577444159
"mb59" 0.710211109800684 0.0658365044102858 0.209003410429493 0.193792089279972 0.102769608388634
"mb60" 0.917360565593087 0.033131665503876 0.833273421660257 0.203015991163479 0.0978392814859068
"mb61" 0.785471939484955 0.0370666375686897 0.69781770542096 0.225502596707159 0.105584463494813
"mb62" 0.985428153482615 0.0369588331452706 0.968729137899554 0.242483781417523 0.120109070006181
"mb63" 0.623528317784677 0.0686298574088981 0.0833424198335396 0.148973886018722 0.0853102800434635
"mb64" 0.72055321246233 0.0689808977523244 0.323948948621559 0.193529489312698 0.13972222575417
"mb65" 0.900011506155793 0.0374106918380435 0.852643595831584 0.235975577862661 0.114717507732173
"mb66" 0.706935768154493 0.0731746673750563 0.166681729631381 0.184769077118604 0.120535270150073
"mb67" 0.848371220998359 0.0361404418998901 0.757847761749263 0.226176629399871 0.108210058347933
"mb68" 0.839785495403473 0.0406589388062107 0.770834403184638 0.250063771436688 0.122591903699313
"mb69" 0.811224382553862 0.0489503446046945 0.606302438841252 0.222207258743188 0.136264159687674
"mb70" 0.62698575115686 0.0624061331204365 0.124482929156834 0.154576492412961 0.0765662827344303
"mb71" 0.725394529617845 0.0624553509067062 0.285142132358864 0.207042344113837 0.123133874665422
"mb72" 0.713468313391274 0.0549208626822566 0.353277608239382 0.176847949410176 0.107734721931135
"mb73" 0.600292523788349 0.0753691843800812 0.0209084961146204 0.143548478142254 0.0605415642259931
"mb74" 0.788642001941538 0.0366966906488432 0.697920411146234 0.21923594310503 0.106735672232889
"mb75" 0.850158802177858 0.0347223764753232 0.791681644584936 0.21763824701904 0.105598883807845
"mb76" 0.752294054683197 0.0578371891041809 0.395842973622943 0.214488910781691 0.13143304678516
"mb77" 0.764690182821049 0.0414648583368605 0.633745560211393 0.194091995957026 0.119267164923374
"mb78" 0.746712081358562 0.0523117302973263 0.457901070360977 0.19663578709886 0.118085376516869
"mb79" 0.813305252725471 0.0324336826479491 0.789446373110037 0.202764361588876 0.0974445414747606
"mb80" 0.765323465242704 0.0485637005029791 0.553548892726139 0.187753221669571 0.118475447003936
"mb81" 0.576976033692966 0.0730746690803069 0 0.129620608810737 0.0626401429154569
"mb82" 0.828392246294185 0.0390798137059652 0.776519315119327 0.244560971367557 0.11920602670534
"mb83" 0.720712070544869 0.0715866512493324 0.239593004134695 0.193658030115162 0.132079395570466
"mb84" 0.691573811084408 0.0289279885596856 0.684221450755985 0.176448705182013 0.0803090856758155
"mb85" 0.779021922428331 0.0324977402908313 0.72630104147942 0.198668513312466 0.0952027333197526
"mb86" 0.692383275194846 0.0810502625454542 0.0746406139069551 0.177994544749628 0.0850119382910096
"mb87" 0.740683001441304 0.0368080855153026 0.603920775586098 0.165685732659125 0.0911872254883939
"mb88" 0.716876133943863 0.0619432245899231 0.281639993154134 0.182682603601188 0.116840402215002
"mb89" 0.698427094532281 0.0721481858929026 0.179350103003025 0.177116985901317 0.0942954704151202
"mb90" 0.630018471889443 0.0748251430268876 0.0417940368403378 0.149434279321982 0.0725261963905412
"mb91" 0.667251400128112 0.0775985485111512 0.0627069652471039 0.165036986658649 0.073496359718215
"mb92" 0.813032157414223 0.0544155484055617 0.623975759701201 0.214321594928241 0.142425323601656
"mb93" 0.72370582152199 0.0530017867548914 0.40691718258697 0.178218730218316 0.110706510452247
"mb94" 0.585712117008412 0.058909247784995 0.0730012549561272 0.133236536979938 0.0621482724632061
"mb95" 0.715125127777988 0.0561783989490935 0.366206449046115 0.187683038208852 0.126833153137847
"mb96" 0.671672534730073 0.0700804165215515 0.125060275221628 0.168925135468872 0.0860184662820522
"mb97" 0.683913259781686 0.0519903762315168 0.375939450437998 0.170142179432964 0.116295505895631
"mb98" 0.71909582656071 0.0795506039391317 0.177355069467415 0.186772672425587 0.117924125322054
"mb99" 0.676535147890029 0.0335803743852955 0.531659612528686 0.156262652360758 0.0841484554778044
"mb100" 0.755355741958844 0.043273189968139 0.578884282499008 0.198924433036664 0.11912734948384
"mb101" 0.572202483333543 0.063779891084332 0.0208665314259008 0.129148549680345 0.0655594415324288
"mb102" 0.699755905360472 0.064625528358983 0.198113740542412 0.176059757295324 0.112598195490221
"mb103" 0.700212305799718 0.0717509745366145 0.229533139420413 0.17877080472656 0.108205549549107
"mb104" 0.704995273863382 0.0541063674673863 0.365275072450958 0.181860973784358 0.120644374256532
"mb105" 0.633380317085696 0.0676308388509856 0.0937724533853622 0.15151665817168 0.0829369484815736
"mb106" 0.689912232795122 0.0797095473867688 0.0639776690631044 0.173270294293394 0.0758008412231862
"mb107" 0.598735395965602 0.0738021533951084 0.0422487736156747 0.144017256555773 0.0616851453639697
"mb108" 0.561013996167025 0.0632365409065314 0.0208684909142785 0.126434267424144 0.0664838536477656
"mb109" 0.571355654220164 0.0722995230619316 0 0.127262126384222 0.064523586055229
"mb110" 0.589974511469839 0.0215532947235825 0.638666073147767 0.135535516252052 0.0614619946414985
"mb111" 0.662872429556245 0.0779272029471017 0.0522110281342666 0.162440776527913 0.0796706393276052
"mb112" 0.720715069782029 0.0659953849835404 0.250146646976334 0.180746732291911 0.118258043440512
