"quartet" "cluster" "phylo" "mutual" "shared"
"mb49" 0.832695984703633 0.0389841964125235 0.73392425161003 0.247579470859991 0.118378072734429
"mb50" 0.607482681616129 0.0796907579016002 0.0306947735204567 0.154961762619419 0.0841880480489952
"mb51" 0.630972631173328 0.0879037015687556 0.0101944451009016 0.157332358385218 0.076070604466128
"mb52" 0.699828709868541 0.0696550875311698 0.208642122454016 0.180116259077633 0.103809972308119
"mb53" 0.70790151048316 0.0735990395577885 0.195651756206843 0.189827638999374 0.12205414570428
"mb54" 0.639891253507951 0.0633761773337587 0.134650309744566 0.161226274570139 0.0937133628394938
"mb55" 0.848708075227412 0.0353301542990956 0.822855669480384 0.228880051145609 0.112647784784087
"mb56" 0.919241047568145 0.0401031688847538 0.83158605009739 0.257402437539931 0.126284390544185
"mb57" 0.649427285888665 0.0792029962229025 0.0618952931093559 0.169642954796216 0.0980407143695456
"mb58" 0.761277722408464 0.0591907277790032 0.389063107518508 0.226761705952834 0.14745143425031
"mb59" 0.74805663586022 0.0701390000593413 0.276813712467252 0.211559379572586 0.138005471420051
"mb60" 0.714810194491665 0.0594121751465628 0.289685562680761 0.195626479723926 0.117953153904357
"mb61" 0.900321724896992 0.0396033812980688 0.854031830781201 0.255767592098154 0.12782485610516
"mb62" 0.757819816445027 0.0584017900643355 0.374226404241944 0.217702622163673 0.144055987194794
"mb63" 0.876629889669007 0.0493429034429849 0.70837782933726 0.239300632359206 0.148848337695394
"mb64" 0.812301456895607 0.0374255048103298 0.726385724035842 0.234131597461393 0.111652004531508
"mb65" 0.85279264340092 0.0287465760606254 0.84370826508307 0.184963406252748 0.0885350639924927
"mb66" 0.761993166511959 0.045649653841661 0.576978244059805 0.216465025967551 0.129288611812057
"mb67" 0.712356493585066 0.0676248484544113 0.272687204677877 0.185575637542923 0.124313573598747
"mb68" 0.904001404001404 0.0341862067379397 0.86450949463415 0.219591886331904 0.109404044592766
"mb69" 0.865669274688095 0.0396147104473543 0.76581347601598 0.250538373512956 0.121411186557365
"mb70" 0.884129177542351 0.0384522473115393 0.833333333333333 0.248543293022347 0.121537485779486
"mb71" 0.851729654069186 0.0386828485559144 0.787212837552741 0.250350271760128 0.124282106636186
"mb72" 0.772968148602666 0.033114802455312 0.718644057518563 0.208581631372279 0.0980170195078224
"mb73" 0.75868603916614 0.0311225861515786 0.729121721371511 0.198221419183983 0.0936362593775916
"mb74" 0.783088550725768 0.060725118578184 0.457295300683971 0.202485360451756 0.132457938850725
"mb75" 0.919581680490444 0.0329051459581676 0.91669234969247 0.218010350483219 0.108184235072346
"mb76" 0.785761729364169 0.0468238520271095 0.554365376424201 0.209604955614551 0.12503154600933
"mb77" 0.635944756221217 0.0657005298022617 0.124234182090995 0.160942696774882 0.0882749097108615
"mb78" 0.710847857098555 0.0520893602805199 0.35274669097137 0.192800081690638 0.116302588236853
"mb79" 0.6597716102378 0.074254493755116 0.071781573820111 0.16567544061314 0.0947018373272607
"mb80" 0.795553090652415 0.0394995036667682 0.648798895736167 0.24606347464606 0.116236719109179
"mb81" 0.802419775405903 0.0556030120683682 0.505369365162852 0.216477573028193 0.135523630559892
"mb82" 0.723457927369353 0.0596135464965863 0.322477642507126 0.188518177040939 0.119477905607782
"mb83" 0.690412497993687 0.0741280977019118 0.146171726399551 0.184079040503815 0.112441769938379
"mb84" 0.99794456189805 0.0340869689147644 0.989573702198657 0.228061554294861 0.114209642232979
"mb85" 0.719964859142504 0.0707473388824213 0.205664639146689 0.196537340807441 0.117662612522711
"mb86" 0.652906283009272 0.0731482179710796 0.103671328385483 0.168031546297991 0.100159208871621
"mb87" 0.686590404611693 0.0608039585494982 0.228815576729413 0.180754942490587 0.108760618357519
"mb88" 0.693104999086476 0.0554324541085319 0.321920326223334 0.183019616445519 0.116218130184249
"mb89" 0.582530242497718 0.0686274029300203 0.0307111301211829 0.139152142511004 0.0708236559623966
"mb90" 0.622474674320452 0.0849433549145099 0.0102113086226731 0.153814208487543 0.0719329404773058
"mb91" 0.766626430963321 0.0488194889368513 0.510401589060813 0.22071536606289 0.137327220599934
"mb92" 0.713551266961292 0.0526502732126524 0.351754494345841 0.187548953104694 0.118735177330712
"mb93" 0.731738730450782 0.0366347118590059 0.604160245910216 0.221340210948764 0.102182709438291
"mb94" 0.564744302124604 0.0660483972603704 0.0104603153619889 0.1326403391096 0.0714617766126296
"mb95" 0.638451853309894 0.0712433819512885 0.0313931864636725 0.153144233243598 0.0746332487112335
"mb96" 0.745250916779543 0.052124726817864 0.437192471583927 0.195090314309288 0.11911677070252
"mb97" 0.766059091577245 0.032330886529146 0.680688120142117 0.198673453411586 0.0894667494594243
"mb98" 0.68993453175976 0.0368286860178015 0.562388759990184 0.172255608131135 0.100245665810273
"mb99" 0.705501049874527 0.0544089059321249 0.384673621350748 0.179282686908479 0.118103424343651
"mb100" 0.79774974056475 0.0513214578542895 0.624818151576332 0.201892048092534 0.141088654998555
"mb101" 0.775399909268427 0.0478047360579108 0.505917487983962 0.223570130353631 0.130699428513643
"mb102" 0.564915091404335 0.0663583687465533 0.0307511102440204 0.132426791990047 0.0720834833197327
"mb103" 0.621031603001708 0.0846441443230612 0.0102414530613762 0.151989147897929 0.0704807564771789
"mb104" 0.613504374273249 0.0731124868914534 0.061939593506542 0.154978559410562 0.0779481988374919
"mb105" 0.624898578461158 0.0858661967322484 0.0101956572203202 0.153520446586974 0.0718268227971408
"mb106" 0.860277530931711 0.0295550698815203 0.864612226737362 0.193425410429332 0.0937790168587937
"mb107" 0.623171411270234 0.0854697460638992 0.0102408480089011 0.152823260764192 0.0680668520590616
"mb108" 0.685865635247625 0.0678194249255024 0.207275995773815 0.178884942841222 0.107029179373164
"mb109" 0.619000754019497 0.0840268270553211 0.0102269113681158 0.150718372919756 0.0681688609897176
"tnt1" 0.554980684238671 0.0653896516139876 0.0104590206411228 0.128278680372961 0.0732759801341876
"ufb1" 0.676319539483895 0.0576986921164931 0.198771408119137 0.181029733403357 0.0983701629370775
"ufb2" 0.64601664440563 0.0749622409240644 0.0827813233535516 0.166170294501615 0.0886347897403243
"ufb3" 0.620581206721779 0.0708824069182604 0.0615451762296354 0.148648071386128 0.0781638632929942
"ufb4" 0.611421843280552 0.0723766521533436 0.0514751980186512 0.152827109870785 0.0765642481146346
"ufb5" 0.62270367096642 0.0857925079155288 0.0102119119298944 0.152355584180537 0.0714749502332537
"ufb6" 0.623262987987786 0.0857710887549398 0.0102269113681158 0.152465354086328 0.0705330574045272
"ufb7" 0.708930004133136 0.0398288541648093 0.505178597419964 0.18371398336895 0.0937231829120251
"ufb8" 0.734251399614224 0.0621371733267032 0.275469780064344 0.207406589076291 0.122439336345701
"ufb9" 0.777238216364127 0.047430465500877 0.548906265468726 0.22406173078747 0.130150319071453
"ufb10" 0.654041490365786 0.069493836641156 0.0925714711364266 0.161510129377874 0.0704640138806529
"ufb11" 0.613207415518555 0.0828932087522962 0.0101779204137147 0.148072609073664 0.0606463663987881
"ufb12" 0.636230946882217 0.0454734470037397 0.426843462567707 0.145349021937626 0.101255938883733
"ufb13" 0.731090214516603 0.0323222526713329 0.697890710664376 0.154511490366311 0.090723141977875
"ufb14" 0.781894668716123 0.0282640896295159 0.778908030229839 0.179373488735657 0.0842097330809902
"ufb15" 0.611094879621053 0.0639302876596272 0.104530777617856 0.150403514539002 0.076560718302196
"ufb16" 0.685806831566549 0.0310554592036123 0.635264638653251 0.145410182915753 0.0833352226887171
"ufb17" 0.637318605889395 0.0713065995430591 0.061440883819244 0.152617704372961 0.0721119983041218
"ufb18" 0.61178681781504 0.070358658851791 0.0616323574306908 0.142607554856002 0.0715904346253473
"ufb19" 0.605628442735571 0.0815906028746048 0.0102269113681158 0.144776245000886 0.0624471378809845
"ufb20" 0.653744292237443 0.0598616877166188 0.178174821990609 0.169659318145762 0.104159280668427
"ufb21" 0.776161241289457 0.0485905699367992 0.484735063069158 0.222574150891301 0.132795334444404
"ufb22" 0.690706830462292 0.0567233107759748 0.332265929026414 0.165195537085089 0.0911018706247022
"ufb23" 0.545597057916451 0.0635692709810639 0.0104599174355662 0.120202554774001 0.0596433992050162
"ufb24" 0.55088937111494 0.0657206632170803 0.0104588037100891 0.120497163372221 0.0577979435389507
"ufb25" 0.562652235464212 0.0685553462325392 0.0104586538800843 0.125245931048533 0.0626427186017242
"ufb26" 0.716762381795414 0.0461544987635632 0.425459729299248 0.204028769399139 0.124582314032729
"ufb27" 0.694467809770301 0.0346138160932421 0.574425675105482 0.206476178893047 0.0965185924757846
"ufb28" 0.66017633288849 0.062197438062274 0.176414928376802 0.167949676437085 0.0987055393521497
"ufb29" 0.620288795397761 0.0837115922613824 0.0101584299747148 0.148650513995496 0.0569260578262663
"ufb30" 0.679670753064799 0.0561494968945107 0.222194719079888 0.180908073029747 0.102067422303995
"ufb31" 0.735031976449091 0.0457751463053826 0.420258164260833 0.206218338766559 0.120231905292187
"ufb32" 0.644504914459067 0.0623510131516431 0.124198096193738 0.160905147969281 0.0973082091341087
"ufb33" 0.590435637078284 0.0312966578086061 0.536744852512658 0.184092264735056 0.0828535981507393
"ufb34" 0.549303166787521 0.0660165240643291 0.0308118591615966 0.127240152090241 0.0686238006075226
"ufb35" 0.639121418467046 0.0579185500117234 0.134210568687613 0.162048643248472 0.0961344862070532
"ufb36" 0.657129666661729 0.0660913338975817 0.156222330872593 0.160262982720098 0.084361409605885
"ufb37" 0.641799589214701 0.0578986602490514 0.290852972950074 0.15544239326417 0.0980184057520719
"ufb38" 0.615575892652154 0.057828566441818 0.25967561727621 0.142057118532815 0.0950438191336549
"ufb39" 0.586287026897086 0.075001033105677 0.0307027103237119 0.144126783172545 0.0733496323676596
"ufb40" 0.732902622518808 0.0455424584780134 0.460547898131966 0.204695473057242 0.115078961683759
"ufb41" 0.734023381544291 0.0523785452026769 0.428092686782007 0.19213002240165 0.124005838668669
"ufb42" 0.70464516472121 0.037540246195144 0.5519016413173 0.174317823262785 0.0844512475804683
"ufb43" 0.603446563010274 0.0804573123660161 0.0102119119298944 0.142436649729901 0.0588852608999827
"ufb44" 0.647868431795649 0.0319500070428327 0.616962125805015 0.196973111770814 0.0892200337894848
"ufb45" 0.639521168165789 0.0669386189601208 0.105591434422333 0.161178929137082 0.0931306321955745
"ufb46" 0.611631238776846 0.0715600893675144 0.061706208559015 0.140949686438133 0.0724334572998262
"ufb47" 0.614024854491994 0.0708397494201476 0.0616323574306908 0.144342986266927 0.0761108582861357
"ufb48" 0.710319313775643 0.0688587646809981 0.205664639146689 0.189101245146826 0.116269790237359
"ufb49" 0.673732811402188 0.0411582746039578 0.435866002046831 0.184657525011782 0.105662871429222
"ufb50" 0.66475456084258 0.0540435958450674 0.302268764743227 0.169173643334037 0.10176996612902
"ufb51" 0.621947998943653 0.0754342197337055 0.0415568717534373 0.160506693255363 0.0863846420851568
"ufb52" 0.58706570131599 0.0726111265675587 0.0412266614116666 0.145139972953541 0.0725117700213087
"ufb53" 0.662294088865071 0.0426327468296668 0.382919817535239 0.159666507742515 0.102002299845286
"ufb54" 0.647835831431328 0.0635788348017807 0.155507457512823 0.162779908999586 0.0930782672603993
"ufb55" 0.780184636377204 0.0445156307869082 0.572417998455084 0.209473354472428 0.114940667039356
"ufb56" 0.635549872122762 0.0339168279528556 0.541533178654887 0.160322486062244 0.0904174484218813
"ufb57" 0.583933526204024 0.0679339906056351 0.0515123543139687 0.140884666319049 0.0706996238582793
"ufb58" 0.668713086726764 0.0555455314530671 0.175762525714924 0.175400540524608 0.0957101761932815
"ufb59" 0.647473637698986 0.0669072935677069 0.116276964246715 0.162218651692825 0.100758193018561
"ufb60" 0.724997284084737 0.0411052992951582 0.557624017113167 0.19092766209966 0.109047309415578
"ufb61" 0.552361464936552 0.0663815012952646 0.0104588037100891 0.122333090691584 0.0643999087479188
"ufb62" 0.546007119432412 0.0633681399718609 0.0104609422678991 0.121210191398344 0.0635448151674335
"ufb63" 0.557609203046367 0.0671559547180593 0.0307842379305322 0.131026080242474 0.0675815151893086
"ufb64" 0.915221455741087 0.0339750556122405 0.843759631134676 0.221120264830598 0.104199391692011
"ufb65" 0.666548765183854 0.0574148631217118 0.218243098552481 0.171623556010875 0.0883856820973133
"ufb66" 0.642543584598018 0.0292920244543045 0.641945178574206 0.181583132656764 0.0824540560858583
"ufb67" 0.586441439769742 0.0751980384885959 0.0307027103237119 0.14333423197335 0.0644759108087455
"ufb68" 0.689294140778608 0.0473929185714808 0.400764868567011 0.175490122049987 0.108570398015144
"ufb69" 0.696566556911786 0.048636839281515 0.384580094273068 0.186405626749285 0.107784110741035
"ufb70" 0.692148718773885 0.0629789531624434 0.238637848278833 0.180841730202205 0.107369867337402
"ufb71" 0.659428319765872 0.0539259489456537 0.186160827602321 0.170662385070664 0.0929691488198335
"ufb72" 0.591297212604736 0.0741187179826961 0.0309941262242562 0.144996764840621 0.0742112271321157
"ufb73" 0.693804786033953 0.0666187454520233 0.177330378506775 0.187212592448009 0.111883036220547
"ufb74" 0.610110339904902 0.0813488807414695 0.0101779204137147 0.144902217177089 0.0572173148527704
"ufb75" 0.628086099268254 0.0641871545995367 0.113883930194882 0.162573282322882 0.0922189966712217
"ufb76" 0.639686144951476 0.0730942661679351 0.0723098497278054 0.162071969543121 0.0860379211345914
"ufb77" 0.603254476710602 0.0737136664872761 0.0515797278356326 0.150744347404463 0.08041518080539
"ufb78" 0.597302591614282 0.0705412418209432 0.0307511102440204 0.139163889173212 0.0701910502003552
"ufb79" 0.637011380504701 0.0490410666412889 0.245279682428086 0.158710239292368 0.0788986922859165
"ufb80" 0.703115775664152 0.0286591020813246 0.680845483566511 0.180693719334109 0.0830209561140686
"ufb81" 0.56552715664384 0.072048195192307 0.0205531928521734 0.132513241348881 0.0592268493110905
"ufb82" 0.577248172799398 0.0735160355081552 0.0205748528239478 0.138644473805284 0.0582916119199636
"ufb83" 0.601373459361364 0.0795219349133122 0.0102119119298944 0.141072567998727 0.0580986666037408
"ufb84" 0.594998774209365 0.0332463480916398 0.40609055598593 0.146523826737936 0.0824307779428718
"ufb85" 0.689022475694623 0.0564491781222875 0.311450809140887 0.163815358422207 0.0991578497974299
"ufb86" 0.680426549730915 0.0391660331324738 0.457284390923308 0.178546600431132 0.102363967904051
"ufb87" 0.65237715883299 0.0691041251451439 0.0925714711364266 0.161655297373198 0.0715384486886491
"ufb88" 0.635098080573719 0.0621625897906531 0.124344992962977 0.162887692115036 0.095879115686142
"ufb89" 0.750537993469872 0.0496394373026323 0.420319303542584 0.225620102435171 0.129860160013046
"ufb90" 0.629326033828303 0.0586756836766148 0.155451218498908 0.158426092416804 0.0871215203078278
"ufb91" 0.64637571730595 0.0679244010164838 0.124569056742491 0.163747417606534 0.0988215210482975
"ufb92" 0.733022413759175 0.0473132731025415 0.43100431406222 0.21650223866316 0.121893325538029
"ufb93" 0.671382940967704 0.0398635870220416 0.435866002046831 0.177278979399301 0.0958309450912265
"ufb94" 0.718397997496871 0.0337659256089059 0.606314899511432 0.208223381270566 0.0966582281450015
"ufb95" 0.659680676751896 0.0675940789084646 0.1345839094395 0.161292607501529 0.0729281213199121
"ufb96" 0.675752853472602 0.0490150085485725 0.375713056833215 0.157469895845853 0.107098171083215
"ufb97" 0.695752598485821 0.0328886649622547 0.610390271211527 0.190688032110183 0.0873967720228634
"ufb98" 0.692391374539891 0.0595454908103612 0.269749174517408 0.176934992137483 0.113642249132291
"ufb99" 0.613279072360352 0.0605166066369118 0.249445499987677 0.139808550603669 0.0994574206793887
"ufb100" 0.492886422125126 0.0600518782931019 0.0104588037100891 0.10978344338896 0.0610692651136182
"ufb101" 0.697328524831166 0.0473297347444744 0.395000276277434 0.176814305264906 0.104686913142337
"ufb102" 0.683646274679712 0.0615062899553974 0.276567355597924 0.178519341970611 0.112390030875825
"ufb103" 0.780306011434921 0.0379804452012247 0.705202577256093 0.184830535863018 0.112598407699764
"ufb104" 0.629476138056077 0.0603271806820434 0.126593080827906 0.159184207936731 0.0932688241503311
"ufb105" 0.659527454213778 0.0714489839499721 0.103946841732159 0.163047794295752 0.0847691098653812
"ufb106" 0.545135507117153 0.0659585534521195 0.0308349638749172 0.124984532825723 0.0688648905424086
"ufb107" 0.576060730156446 0.0696363692646132 0.0412114256060093 0.139303946666707 0.0693371933470435
"ufb108" 0.657464060600776 0.0579084842146027 0.215500176066416 0.169872699549211 0.109840151644888
"ufb109" 0.680756537192181 0.0281886946726189 0.687365164114534 0.174210430360701 0.0817556808030546
"ufb110" 0.755290883455317 0.055150990718609 0.505086775547101 0.187301255132814 0.128248818385406
"ufb111" 0.596281829274201 0.0749077946245379 0.0306827331496434 0.147469477603107 0.0733914905928846
"ufb112" 0.646922707904168 0.043414569993595 0.426864288641188 0.158176056258322 0.097988610635388
"ufb113" 0.607851985559567 0.0817852998927495 0.0101956572203202 0.146806629569319 0.0611127860073429
