"quartet" "cluster" "phylo" "mutual" "shared"
"mb49" 0.662523098079099 0.0696752350716532 0.125468749228046 0.175289815615933 0.10022850418927
"mb50" 0.864432109308284 0.0397950146480391 0.729248856096952 0.249390379518105 0.120298324252619
"mb51" 0.908064799111059 0.0335673967561916 0.863126587275794 0.219201700425386 0.106461194945414
"mb52" 0.678638529023332 0.0944121256395456 0.0306294896593044 0.177796691648085 0.0640369389238371
"mb53" 0.876356192425793 0.0413924431601035 0.776436982005469 0.262494790892328 0.129617817363249
"mb54" 0.764397386709495 0.0577006844187472 0.407111193330134 0.220160482112011 0.139330992525191
"mb55" 0.777809567406729 0.0332823328337403 0.76037688553637 0.215700039778063 0.104009810967733
"mb56" 0.788136472052266 0.0351724050559336 0.770905841885756 0.229883893418359 0.11022887406963
"mb57" 0.654247855520443 0.0907778373732083 0.010198115632071 0.162996647126809 0.0618245233030561
"mb58" 0.963388929618768 0.0402506376204289 0.968717856393361 0.270644567240646 0.136250146206805
"mb59" 0.894993076957434 0.042667629178892 0.82273451956238 0.278530960551294 0.134967886004847
"mb60" 0.750018162005085 0.0566420521701998 0.448059262252225 0.192106162246507 0.13227817221763
"mb61" 0.786336775502895 0.0610024495058344 0.406464781152513 0.224830748081308 0.146374898631406
"mb62" 0.854537559704733 0.0254374769931687 0.901078062879299 0.173331549233043 0.0850267243851108
"mb63" 0.8178716490658 0.0395527822945386 0.688103886933519 0.24961468942739 0.119901548169158
"mb64" 0.658697154598621 0.0808532970781849 0.0618722680291525 0.180233275640948 0.0892073855640684
"mb65" 0.763655402189434 0.047973787827737 0.505239871806381 0.221314808181247 0.130129617198136
"mb66" 0.648182161233151 0.0740056990892066 0.0616542968044985 0.161761152884208 0.0844941394270595
"mb67" 0.779233910940164 0.0446828375803368 0.666745325335117 0.219863380091357 0.138240799406369
"mb68" 0.696605784629985 0.0659581427349873 0.217470087432521 0.187859536201203 0.122880192360511
"mb69" 0.754380646334809 0.0327119116757454 0.708136069116184 0.204833246066183 0.0965565693176816
"mb70" 0.749969272509594 0.0721859021448479 0.240321461288539 0.213940042644951 0.129038308265307
"mb71" 0.700984980011621 0.0701383008385821 0.187581143027019 0.187108564987885 0.111906867506935
"mb72" 0.735414419513654 0.0554582218092432 0.394985374717789 0.202239936192666 0.13430672490727
"mb73" 0.940353460972018 0.0306465579281593 0.927008331584509 0.203519046871844 0.100805804852215
"mb74" 0.888862389697114 0.0322351001376002 0.88420000769731 0.216951680513641 0.105711640157082
"mb75" 0.742072532261716 0.0716228367714637 0.300270855946217 0.203364057886903 0.13920430542666
"mb76" 0.866323398356273 0.0399541373507712 0.791555118733888 0.254066563253708 0.125369681795775
"mb77" 0.759932826237281 0.0416635310352082 0.598123196832994 0.198671563283433 0.122636654214374
"mb78" 0.651424052075451 0.0714344747724408 0.112991887044158 0.175269219205162 0.0924294649324337
"mb79" 0.640650875992354 0.0789549987828438 0.0104600582226998 0.165681722803224 0.0767544897401744
"mb80" 0.744238891776662 0.0768178227573817 0.269283400779064 0.204664486166325 0.13559067260465
"mb81" 0.761138025417957 0.0668448814537835 0.280480162643795 0.215447307384855 0.125440952834853
"mb82" 0.685327077854583 0.0702035522251443 0.156107918655287 0.174029332742263 0.104002871989084
"mb83" 0.741960887255545 0.0299341577267752 0.702055869449615 0.187883343954959 0.0873769765436015
"mb84" 0.749165872259295 0.0341648227862874 0.641959492865525 0.207477740550666 0.0987149535710828
"mb85" 0.667534804657081 0.0705744303282136 0.0956775173562199 0.169019489417663 0.0966609188871986
"mb86" 0.646009426898837 0.0785171605514095 0.040999487499964 0.16893848707049 0.0784631551452236
"mb87" 0.804214223002634 0.0352416378838971 0.718563450318397 0.219105542020898 0.105135365142181
"mb88" 0.688411444357853 0.0615418969389333 0.217627511168797 0.188218018651721 0.103230969878031
"mb89" 0.765369732249395 0.0510346674735295 0.521060098159067 0.201087682982963 0.128823807683133
"mb90" 0.743889915793797 0.0470694753846031 0.468251959310534 0.209469405305609 0.12330099537386
"mb91" 0.78099173553719 0.0271216335854679 0.791710400532082 0.175359042259961 0.0835368656810011
"mb92" 0.612722361429511 0.0698144154327054 0.0605591746478728 0.141027467398581 0.0681196866340592
"mb93" 0.715299653358991 0.0584142351435249 0.372449141667666 0.193842666171993 0.129274478277189
"mb94" 0.676610169491525 0.0286026739031988 0.673621533505623 0.179820252821487 0.0845367133017379
"mb95" 0.721293548635733 0.0765920216426257 0.206882808821765 0.191888570368795 0.112805284704726
"mb96" 0.853589612123958 0.0514098882564049 0.7073415329602 0.212449973558779 0.147477703101759
"mb97" 0.675021606702624 0.0917481336595681 0.0513543717706647 0.176389243658253 0.0685008438008051
"mb98" 0.628325093699912 0.0783187576241585 0.0104754188835415 0.157649916085677 0.0788309148168376
"mb99" 0.632527613721811 0.0669775893505303 0.0731583793837559 0.158117457458469 0.080062084254841
"mb100" 0.720520618250665 0.0594483306565468 0.295067119487125 0.19894401274561 0.118263916040412
"mb101" 0.63125899029758 0.0859161978170915 0.010231615043361 0.15189599775052 0.0636033464436055
"mb102" 0.714759788947515 0.056063837602622 0.363220838165085 0.185555879197944 0.126895766058639
"mb103" 0.695304165712229 0.0572422660536901 0.242405060833273 0.191375233377546 0.101171383353402
"mb104" 0.646637901081694 0.0796192681291618 0.0104615083228049 0.170953348890801 0.0747955476021306
"mb105" 0.669657879977566 0.0251663395846134 0.552651203717286 0.156658356201511 0.0700863342364412
"mb106" 0.64883796544997 0.0631686915136094 0.164594699585026 0.1723002653549 0.0986172586038496
"mb107" 0.812342121179777 0.0509594582494644 0.568288552475073 0.243067908752765 0.14520486958257
"mb108" 0.570028384968097 0.0337049128128206 0.382791035821145 0.146219341403476 0.0786529771535945
"mb109" 0.63956921378449 0.0659928720902912 0.125482080672133 0.170177392793437 0.0941755337616179
"mb110" 0.644634811765441 0.0485138782023809 0.310304512730095 0.162431717114081 0.106788564795346
"mb111" 0.733902134149838 0.0485298950351227 0.489634904972641 0.188567448137154 0.118589851278411
"mb112" 0.65659010213656 0.0730257288501388 0.0847528736865412 0.165221134993873 0.0899968930007237
"mb113" 0.699407387826982 0.0699800250241603 0.159881755829074 0.188067409811705 0.101832787329754
"ufb1" 0.639084264239415 0.0265315708035524 0.670216913615753 0.168889056221926 0.0788374863808675
"ufb2" 0.659689342732483 0.0895068343458895 0.0306853859772075 0.167832115272396 0.0550921041666753
"ufb3" 0.649364654070081 0.0878939600426819 0.0101791890974447 0.160239318899065 0.0558644037138022
"ufb4" 0.649301165825784 0.0741922485889452 0.0618083605456437 0.172858429433264 0.0757625571234144
"ufb5" 0.698858183942256 0.056504092140707 0.323919928207014 0.182214937268518 0.110282668268621
"ufb6" 0.642427706638998 0.0713592483984845 0.0720696938785818 0.163217509079292 0.0851918787095459
"ufb7" 0.79784224593714 0.0498969804031665 0.50201256681012 0.228249970453492 0.13971354706539
"ufb8" 0.729459755248234 0.0466173102863048 0.41745267817876 0.202148925791173 0.119992023545347
"ufb9" 0.651686497076664 0.0671181221965167 0.124414544064884 0.171730030228306 0.0951850402547606
"ufb10" 0.659581717862784 0.0720893504599613 0.0954776532131201 0.171507851207498 0.0986104839023188
"ufb11" 0.669375451859527 0.0686044436628326 0.117076925232155 0.174283182508924 0.100098440747397
"ufb12" 0.683208217524406 0.0660171491235801 0.126374564559816 0.178328755811464 0.0893204772241931
"ufb13" 0.656832882512055 0.0673921866302972 0.134493487963928 0.166678148052178 0.0911768416088555
"ufb14" 0.638615253239825 0.0758962460420673 0.0715786086834986 0.15799334325466 0.0760653320477829
"ufb15" 0.670119613973087 0.0854913409503923 0.0717792928958539 0.170204559718992 0.0796785845058543
"ufb16" 0.677885094708183 0.0885702960605955 0.0718513508635489 0.172084200239816 0.0742491654480353
"ufb17" 0.725593966771883 0.0638123105201936 0.331248113752398 0.195543112123773 0.134728277648138
"ufb18" 0.616470945403058 0.0819958586313607 0 0.146230299336618 0.0636990189324345
"ufb19" 0.70182265001024 0.0309940266303781 0.684876588728992 0.152197044401989 0.09014758812141
"ufb20" 0.62559041736501 0.0421437137535287 0.362720230185899 0.162010804856099 0.102340883994892
"ufb21" 0.660454600299926 0.0685699860516579 0.144961453620702 0.176707386431627 0.0930248899505453
"ufb22" 0.667150234611434 0.0749107681361239 0.114977759939185 0.185716777027604 0.101947763954009
"ufb23" 0.603079281608802 0.0707728603366831 0.0405330908554323 0.138867666805665 0.0605378199553116
"ufb24" 0.662193884505293 0.0366457902306631 0.548509177096326 0.143299480355754 0.0972412862181593
"ufb25" 0.691745840581649 0.0484372079488361 0.362720230185899 0.182194385569533 0.10292411543419
"ufb26" 0.710474578675882 0.0598846978985128 0.311343160140116 0.178997189635578 0.124495410903531
"ufb27" 0.728678065820923 0.067875620493478 0.272665861376223 0.189523452152848 0.132032082585381
"ufb28" 0.671965350181956 0.0379595316852746 0.505179914944619 0.179155323033571 0.104803601802349
"ufb29" 0.706145580816353 0.0589041661359698 0.25302286735787 0.193701641514326 0.1104336527957
"ufb30" 0.669028929869061 0.0704527342898566 0.14509938111687 0.18033846686768 0.104708721317566
"ufb31" 0.636154438621941 0.0573393420444003 0.219974884148489 0.169330438489336 0.0995197131433163
"ufb32" 0.680200822630034 0.0663518285907965 0.178029544775213 0.186676502764082 0.108266985533422
"ufb33" 0.719323671497585 0.0264163706086462 0.749999708092256 0.166772168632037 0.0782027853002149
"ufb34" 0.661637540746106 0.0868466840630577 0.0512940677339556 0.168663741193013 0.0612949047070292
"ufb35" 0.654283471711156 0.05114544177451 0.322106896859837 0.165275244395106 0.113858175827835
"ufb36" 0.66022554485555 0.0296618084408749 0.610629583901495 0.18538381558522 0.0864690995755898
"ufb37" 0.807929212990332 0.0440439843295883 0.645709235225259 0.212816408236686 0.123545041596487
"ufb38" 0.739008344030809 0.046652595237666 0.457729375857875 0.207786204671529 0.121277796851959
"ufb39" 0.642145914429074 0.0703748535713128 0.0929646886109658 0.167668124919659 0.0901482617973205
"ufb40" 0.654921381995674 0.0757422043472505 0.072981386367966 0.173361279027888 0.0883384409772882
"ufb41" 0.569791504992498 0.0379334862700766 0.339850703852738 0.139041803028841 0.088110474568825
"ufb42" 0.754165637527787 0.0482625838247116 0.452426970906335 0.218452032776073 0.123317826711268
"ufb43" 0.680796896611803 0.067952549111686 0.138668044760063 0.186201819229749 0.10081880871301
"ufb44" 0.650800018488463 0.0887837469364976 0.0101791890974447 0.160035253730713 0.0588735091377535
"ufb45" 0.682964410159318 0.0527327009467378 0.342611450859775 0.188142750231894 0.123832921092472
"ufb46" 0.667001880110183 0.03965492894755 0.463058183124738 0.180259820195575 0.107935888019027
"ufb47" 0.625132213413561 0.0762559512585208 0.0516150902801442 0.158850694884448 0.0824406822101244
"ufb48" 0.612332351931691 0.0704392570283878 0.0414720603168166 0.14405219196049 0.0648907835720493
"ufb49" 0.652551610745256 0.0891582500983945 0.0306853859772075 0.166441724932855 0.0630492318349629
"ufb50" 0.629778713450292 0.0847567654063359 0.0323966924101269 0.154887653287036 0.0564760187321863
"ufb51" 0.704414892081485 0.0620883176103118 0.310320041654089 0.185346065096722 0.122616167396383
"ufb52" 0.60477783060953 0.0800698620757859 0 0.143001939821653 0.0668842498234688
"ufb53" 0.652195824655139 0.0882064504015794 0.010158496341437 0.161933891920358 0.0588540742587211
"ufb54" 0.657886263495679 0.0892179316580245 0.0306853859772075 0.166119951277464 0.0576585118045748
"ufb55" 0.730392492636482 0.0271269245424262 0.749794222535963 0.172739046206273 0.0807174966925095
"ufb56" 0.661325895173845 0.0438735063242872 0.399495192540841 0.171175058008484 0.108946111357789
"ufb57" 0.626101952806993 0.0689133422855232 0.0827519273659158 0.151175344930748 0.0773035733547365
"ufb58" 0.646180042960359 0.0756462012151443 0.082813127088687 0.159025638806955 0.0808260265331314
"ufb59" 0.637752547716675 0.0685002754395164 0.0938506620147638 0.153465085823152 0.0816322562842678
"ufb60" 0.672507526217703 0.0658419128372046 0.198993737343961 0.177772308754731 0.10345633307672
"ufb61" 0.652127483025593 0.0625357610838834 0.127820409965642 0.167902140891881 0.0899357817998802
"ufb62" 0.550863869288021 0.0651139051867524 0.0203542520604325 0.12553479903016 0.0545934250520459
"ufb63" 0.643625340703569 0.0540316685845918 0.230642244946564 0.159523537692459 0.0983483189617495
"ufb64" 0.665238529322394 0.0307819658940828 0.627002181552113 0.14512478303451 0.0861577133149699
"ufb65" 0.670171799313685 0.0440394225208637 0.407100563411236 0.170875814141235 0.108872933541679
"ufb66" 0.603505679592636 0.0346328444012142 0.446507359372599 0.151061609667287 0.0842860593718355
"ufb67" 0.729613104589539 0.0407615664711794 0.552323899455325 0.190923041976754 0.110675737663683
"ufb68" 0.677537919725711 0.0613094404809178 0.191719659679119 0.183587248404838 0.104571481225062
"ufb69" 0.619933339818884 0.0662185046311431 0.0626358200848944 0.148997916987136 0.0759770874400043
"ufb70" 0.72861383638209 0.0631623003420047 0.314605594317729 0.189977049656963 0.134159331410763
"ufb71" 0.632150981004733 0.0779199577166205 0.0432909407541502 0.160147313266552 0.0766508255523977
"ufb72" 0.628805426869623 0.0225839497211962 0.736280406839418 0.147668141328726 0.068091175503488
"ufb73" 0.615239816278895 0.0328127949446167 0.478954144724739 0.148663060568043 0.0861298111510516
"ufb74" 0.634249571999239 0.0430291746865695 0.387574006897401 0.157598411749353 0.0987215741069247
"ufb75" 0.663005102895038 0.0653926800978375 0.147615279282116 0.178216938469815 0.102597754674699
"ufb76" 0.677632879905915 0.0483543339367785 0.341667664054279 0.183797266259789 0.107345410868209
"ufb77" 0.666967986594938 0.0392043137322886 0.420933298402382 0.175563539327322 0.0878515730606023
"ufb78" 0.779455630126771 0.0492143817603796 0.4942819338559 0.221614808226853 0.131622976397751
"ufb79" 0.647582212862466 0.0722492548109422 0.0825819078952665 0.168589968614119 0.0856910122164063
"ufb80" 0.659969864389754 0.0344578956239352 0.539431019989145 0.156749026577033 0.0913738247585792
"ufb81" 0.641185110032956 0.0878233656862149 0.0107645428572936 0.156570968255933 0.0634899982423725
"ufb82" 0.684142081291531 0.0745579687027661 0.155120904152396 0.179112475828362 0.0976153216300941
"ufb83" 0.679984603541186 0.0657618940748231 0.135533240812065 0.178510224336384 0.0864305270225067
"ufb84" 0.600651623024014 0.042806841458275 0.330413569847153 0.142005742260018 0.094579329802727
"ufb85" 0.689784228635818 0.0575094103152324 0.248658201920564 0.18185742672551 0.116283514686223
"ufb86" 0.718175615605682 0.0517532565052296 0.387667598567936 0.197682740459217 0.120228947693189
"ufb87" 0.694024645431295 0.0489755525078418 0.408738656889893 0.187084863518329 0.117761672425266
"ufb88" 0.671905451622444 0.0621336877146682 0.227227783109195 0.168319063725669 0.0987986041501026
"ufb89" 0.698329017715765 0.043612338151977 0.420812005879836 0.20230811851585 0.104448109460402
"ufb90" 0.635813578906824 0.0490413917622309 0.278825994216438 0.163328451995591 0.104408132965783
"ufb91" 0.690756931132825 0.0624434844180429 0.212977259043902 0.187443462445991 0.11264402123574
"ufb92" 0.63736380821447 0.0869929158305545 0.0104654253055178 0.157533960143869 0.0689160369400428
"ufb93" 0.74545076643284 0.0522414921646119 0.447516247925342 0.196241349893248 0.130016812839893
"ufb94" 0.62094786397673 0.0430085857023475 0.334288549155599 0.16256206656725 0.105006859295552
"ufb95" 0.604104022974532 0.0692278426848532 0.0404120746688472 0.13779492819615 0.059039637717593
"ufb96" 0.632105588149799 0.0844392886913976 0.010215562029731 0.15358187241827 0.0583134954334391
"ufb97" 0.828460497676334 0.0336037913504266 0.739572326890044 0.215481665017929 0.100174890384544
"ufb98" 0.738833276704739 0.0629835253215578 0.282583639346138 0.205881860102298 0.121157550197815
"ufb99" 0.47388796113557 0.0217382933548891 0.617027593172004 0.134603476349649 0.0609615388375303
"ufb100" 0.565960017574692 0.0289064638688084 0.528111452268104 0.135635717184267 0.0812086829736307
"ufb101" 0.641711514249328 0.0668804015235013 0.0939223522429924 0.158952412873972 0.0803835819564825
"ufb102" 0.673639574590737 0.0617451803012438 0.202228079742688 0.177973876191206 0.100052029843998
"ufb103" 0.65556402854186 0.0525038046016382 0.240361138960134 0.172683448535238 0.0966781069236632
"ufb104" 0.656578961574589 0.0446489564089637 0.364640204169309 0.168904400174334 0.110381933750872
"ufb105" 0.6233676252134 0.0761711156351732 0.0511397471462109 0.152047606369282 0.0597882121774343
"ufb106" 0.722439454177407 0.068151150985599 0.279437684757109 0.192749542457281 0.126731571752062
"ufb107" 0.591070473595317 0.0712151677640884 0.0103160661724726 0.138588768593931 0.0606805826389695
"ufb108" 0.721010567626679 0.0439429599523969 0.460210009204204 0.19603117447435 0.117704187529449
"ufb109" 0.650285284932729 0.0442583828938169 0.361644654638134 0.169082721111912 0.107853526077693
"ufb110" 0.635812684094588 0.0608176172884392 0.169149431110307 0.166108955695472 0.0919841417787765
