"quartet" "cluster" "phylo" "mutual" "shared"
"mb49" 0.902364302364302 0.0344006353740728 0.822943414322859 0.215797275359484 0.100509489998103
"mb50" 0.974744728415202 0.0336155968594664 0.958303375958398 0.221083935487952 0.110312498483476
"mb51" 0.66735535684354 0.0750823369002733 0.124027214674462 0.163802422939161 0.0945209829365642
"mb52" 0.905498124599762 0.0452933138325829 0.778850135857805 0.286247409437944 0.140893592612924
"mb53" 0.847174593708066 0.0472101836604321 0.645434156674573 0.224204887410316 0.141356841602328
"mb54" 0.912883505037926 0.0350480928065301 0.895861150895773 0.22939679172529 0.113394126228516
"mb55" 0.754730677122756 0.0650377484501077 0.278219854925672 0.212149320281486 0.131463358992935
"mb56" 0.839068322981366 0.0334343936192611 0.789435446685654 0.211290483837957 0.10359186530778
"mb57" 0.820484881503677 0.035710230886314 0.736716467681434 0.220121456756981 0.107366568857352
"mb58" 0.857657657657658 0.0391496066792443 0.749922966750167 0.245762379526046 0.119300527026514
"mb59" 0.737728382588196 0.0534010051901856 0.432260832756658 0.20160375575322 0.126438897879211
"mb60" 0.691241062811447 0.070283892477471 0.103363307766757 0.170773973917324 0.103742101159185
"mb61" 0.880611090154659 0.0329419993250848 0.874961483375083 0.214131485225368 0.106151123616145
"mb62" 0.738554934393791 0.0447944381894919 0.499822058212019 0.201395485533926 0.121474613851024
"mb63" 0.805564353058689 0.0424732582875192 0.635469802061689 0.193508895175734 0.11444106054299
"mb64" 0.805645602660716 0.0589183603458719 0.435893103250829 0.221778538621206 0.145604524007241
"mb65" 0.815308549255226 0.0321914392977616 0.760244411760789 0.201400936891688 0.0957044573213145
"mb66" 0.70603468322141 0.0690835193785503 0.281075910882419 0.187613203048465 0.12653340043409
"mb67" 0.747649678377041 0.0693010208922648 0.216198630434496 0.2022393404583 0.123786489561348
"mb68" 0.639202453556321 0.0822068602819429 0.0207384901471473 0.153884428189899 0.0778238404615134
"mb69" 0.700449004751263 0.0868256527583565 0.0724404546478582 0.195290588270522 0.100395901474862
"mb70" 0.638555010818241 0.0875619222973826 0.0206909802892933 0.154346227066554 0.0824386165464024
"mb71" 0.741455269289912 0.0660257159845468 0.382039851409739 0.199049843939507 0.136570971942617
"mb72" 0.703572926961815 0.0724519606256552 0.21857487720798 0.182253130644639 0.118172332892437
"mb73" 0.834692028985507 0.0367671596721786 0.741838023195913 0.230577467104657 0.11175990694122
"mb74" 0.781781498845018 0.0598822083279907 0.408707712497169 0.222187824484869 0.141781164962926
"mb75" 0.711702837625569 0.0721693701312014 0.278281744875379 0.185795660238105 0.10791187905459
"mb76" 0.721587666624079 0.0514987476534912 0.458218711325474 0.169425742939989 0.107782152394472
"mb77" 0.660523415647567 0.0801789215420458 0.041704859596876 0.173174970262741 0.0653044552114428
"mb78" 0.717453528326368 0.082966953431744 0.093255241748205 0.198673601378973 0.1067090908908
"mb79" 0.923484928053776 0.0370526865118225 0.860133551561495 0.24310679939714 0.11919363979161
"mb80" 0.720888998695641 0.0690086130562604 0.309221892132279 0.189737248079993 0.113788613898695
"mb81" 0.790102879475832 0.0342539385515453 0.723282631098662 0.216291534288015 0.103471579642381
"mb82" 0.758306223668071 0.0479019770690599 0.510360198380409 0.177260762176375 0.108746207322143
"mb83" 0.860470250579534 0.0390539023197147 0.729177365729143 0.240472261235449 0.114723402491039
"mb84" 0.774410021250419 0.0333638026046256 0.718599143219076 0.207279603805401 0.0988966652795453
"mb85" 0.676980259018836 0.0819207999499471 0.0515672892463188 0.182691998784904 0.0758436007587823
"mb86" 0.834135456772839 0.0548522824891736 0.635277561863935 0.216039351888311 0.143818153110862
"mb87" 0.698602617942484 0.0735445960909299 0.248153745932667 0.180246743019976 0.106300150752788
"mb88" 0.823414792563124 0.0447054379290165 0.687418443347175 0.214919014006099 0.127560681418268
"mb89" 0.773103696591455 0.0336566329011793 0.663034442156539 0.21028957322589 0.0945936322690907
"mb90" 0.722690710949663 0.0310069372076826 0.684101276244725 0.191650862301155 0.0887424803353993
"mb91" 0.691832298577862 0.073467994661664 0.176840199824884 0.173816206149474 0.105150340252603
"mb92" 0.647677181700132 0.0740675990296502 0.0933548078614231 0.150960280900157 0.0864483305834665
"mb93" 0.628141779259519 0.0784534168733459 0.0416753896111434 0.159300542792407 0.0639973370254839
"mb94" 0.70749100334087 0.0679949799851877 0.125308888626635 0.178735449800235 0.0994211781978539
"mb95" 0.734067112400656 0.0581377260013789 0.329895166186652 0.192307471905785 0.124792778541034
"mb96" 0.706040409804881 0.0710254874818626 0.187257413620804 0.19400190879994 0.117451646002556
"mb97" 0.627943331914451 0.079102622786125 0.0207471231309972 0.150382570200007 0.0770492084385333
"mb98" 0.877532777115614 0.0323435968120828 0.874910127875194 0.211151627109588 0.101930163789694
"mb99" 0.660711426557216 0.0674559155796672 0.0625421120004511 0.153148631901793 0.0786881063905102
"mb100" 0.731981270288127 0.0661633017079642 0.187870011036699 0.192588643689287 0.105864986180263
"mb101" 0.669151012751287 0.0354485750254947 0.533647044937141 0.163929721404746 0.0864754606051693
"mb102" 0.674761952592864 0.082131740389961 0.0417221957289969 0.18014686566765 0.0700429526287305
"mb103" 0.695902644744277 0.0553775984433723 0.353946471756832 0.183666317404552 0.121903030778758
"mb104" 0.618563317488095 0.0812609623363008 0.0102173665093718 0.141696623985505 0.0574730080033691
"mb105" 0.801493136682243 0.051245479405535 0.518593022812498 0.233860894197566 0.132380383990748
"mb106" 0.665728561444501 0.0716101718919472 0.144080197878274 0.163123664899657 0.0918331254486402
"mb107" 0.752468356318296 0.0522844842122031 0.408331553353044 0.201498130057528 0.130089027450012
"mb108" 0.706200733577859 0.076021915432946 0.11521998434444 0.192090792914238 0.102736544014953
"mb109" 0.760926472744026 0.0460497563412654 0.487237066433001 0.207139048709029 0.12396559638409
