"quartet" "cluster" "phylo" "mutual" "shared"
"mb49" 0.762449846589568 0.0337048890863859 0.702091990787923 0.210132796471155 0.099240052853205
"mb50" 0.655332905753263 0.069735614427457 0.14424233325367 0.168640359783957 0.0929523320541507
"mb51" 0.768675915229062 0.0615866603907139 0.402872205214011 0.230244785675235 0.152604940058893
"mb52" 0.78267260555805 0.087126191462932 0.28081589108724 0.221979831581516 0.148463288041397
"mb53" 0.628747172486605 0.0856828392223218 0.0104681135050427 0.159549977689047 0.081831257888961
"mb54" 0.821113015956745 0.0348609090618386 0.760362847796491 0.220228892457661 0.102383429954074
"mb55" 0.755057277594441 0.0535413835767277 0.476036956296919 0.212627306205564 0.138639799393957
"mb56" 0.768808584114455 0.0336329864250425 0.728976275744033 0.211027571974924 0.100135698577132
"mb57" 0.744545846570858 0.0740463734813122 0.259170100777802 0.216751389640883 0.134064648658746
"mb58" 0.769385843447096 0.055043140173885 0.458307568675302 0.208871073153281 0.126802464622533
"mb59" 0.659374076907346 0.0768292096974295 0.0932292904161652 0.165649753863498 0.103399354522059
"mb60" 0.879102478231748 0.040723116827893 0.791596465098015 0.257739838912011 0.125155073569285
"mb61" 0.704644230093647 0.0620042667944627 0.322135135550974 0.18550006774511 0.125335471997587
"mb62" 0.704487868021703 0.0805687667153761 0.113498776017987 0.177609939792986 0.0852545616241955
"mb63" 0.86469080633502 0.029757512112988 0.885395394524253 0.196534163491157 0.096629060339449
"mb64" 0.928881906258183 0.0375713236263149 0.893563061559967 0.24887097525488 0.122356886524179
"mb65" 1 0.0372262058427092 1 0.250497761743442 0.126830877144578
"mb66" 0.870238800078942 0.0395775561481242 0.749832158248062 0.248453375647993 0.120529224298206
"mb67" 0.793781355734453 0.0486345432507277 0.520590307827527 0.220649489135045 0.133814689117165
"mb68" 0.868898770599006 0.0400422287417349 0.757798250946571 0.25521720755858 0.126518769638508
"mb69" 0.813268796855666 0.0493626259999119 0.604207206238307 0.232574676601227 0.13490316191866
"mb70" 0.7543570742418 0.0311926801812238 0.734040003635955 0.199177349771772 0.0946037059205216
"mb71" 0.938930451648656 0.0334728446700938 0.926239025534716 0.222360725155818 0.110544256167053
"mb72" 0.817433640937888 0.0459795016022208 0.621366342950202 0.219130129132803 0.129519143655554
"mb73" 0.694381388271961 0.0692428792025231 0.228445069887803 0.179970622630923 0.110565171996116
"mb74" 0.897276478679505 0.0362284224579905 0.861578632330595 0.241144966582825 0.118653455315548
"mb75" 0.769968852771635 0.0788087388834472 0.301745175146455 0.216969629378148 0.156684362493759
"mb76" 0.731023340552061 0.0581904093160586 0.379136352832467 0.192566355443263 0.121701374404931
"mb77" 0.723340112507352 0.0793588408116148 0.185265122081779 0.193324962218601 0.113177225175141
"mb78" 0.8884092804238 0.0368833619538778 0.842096507478324 0.241733498975535 0.118195577058411
"mb79" 0.806774701778078 0.034821932108651 0.749883532396269 0.222763773382587 0.105548263223117
"mb80" 0.712834478882981 0.0509280952151753 0.416055453764432 0.194592098753243 0.127106063731498
"mb81" 0.64298039948495 0.0885784032546776 0.0204056013717144 0.170880758772358 0.0886989877737586
"mb82" 0.745271524171931 0.0674918621082102 0.289321110277953 0.221824158562355 0.129110328268046
"mb83" 0.780606197437489 0.033247440170708 0.73677677957614 0.212552057590802 0.101304582063541
"mb84" 0.759555161356348 0.0588235794018509 0.383410274214874 0.195120773964919 0.129577199394806
"mb85" 0.871950617283951 0.0408266686828433 0.778820902254389 0.257753881709828 0.125860017784156
"mb86" 0.727793354411502 0.0321902896641083 0.673517328281771 0.198908011347977 0.0916515234091431
"mb87" 0.606172605481372 0.077704551799946 0.0209359940981329 0.147310396406494 0.0721039655390981
"mb88" 0.637925075495038 0.0867705090098463 0.0205918443158899 0.170085036315082 0.0913585327675489
"mb89" 0.801139060275273 0.0284475419182498 0.843736171358088 0.18763077200755 0.0886153050245544
"mb90" 0.681113386229844 0.0709123515599528 0.167804627713206 0.172818377417165 0.0998017225263711
"mb91" 0.748769101252583 0.0352609372669449 0.573632932100238 0.172290231768319 0.0988896311991893
"mb92" 0.745810496431529 0.0606198603917546 0.364903314309121 0.199872272577754 0.134042109719035
"mb93" 0.866136689404182 0.0581172691193026 0.68756902795238 0.237156268484722 0.162564073814068
"mb94" 0.656640340804502 0.0733579903252571 0.0949506902857501 0.162731882427461 0.102561744941973
"mb95" 0.694720093140584 0.0640647664382173 0.259549678550991 0.177912782119748 0.109232292998274
"mb96" 0.764898166137941 0.0866360356143697 0.23090032429762 0.209405063595691 0.132174120552378
"mb97" 0.613716939179146 0.0649826217680219 0.103775556813169 0.147748693025202 0.0748797906692049
"mb98" 0.694777441884708 0.0379500393201584 0.515596276202192 0.171675782483459 0.0964293862163467
"mb99" 0.687208768130209 0.0643202562618347 0.249261200395965 0.178979611987237 0.108296664259889
"mb100" 0.609992911230933 0.0783254732239307 0.0211470305509475 0.146948914086347 0.0626892806036129
"mb101" 0.681540106085255 0.0787518688402054 0.104228555329549 0.167392964935433 0.0693404080467163
"mb102" 0.747348021904563 0.0612833090322324 0.34300816373333 0.198166291743053 0.131811058712072
"mb103" 0.800181501648331 0.0461641857917176 0.640381176900888 0.223857346314036 0.138498880804739
"mb104" 0.614199221960441 0.0798413964682507 0.0209357494312967 0.150036857540466 0.0648928999214063
"mb105" 0.613327788305708 0.0807087328101034 0.0105738162953731 0.151057413928045 0.0632198081939303
"mb106" 0.723616377657535 0.0407588230758383 0.505906281157478 0.164662701341568 0.10814548946702
"mb107" 0.615609634442251 0.081138358999526 0.0104678495099262 0.14968152386739 0.0668592151392092
"mb108" 0.623280596810354 0.0765241393292115 0.0418934400736951 0.151598200890487 0.0734618666276341
"mb109" 0.747898383371824 0.0241277502578124 0.64274008120813 0.15565695249134 0.070276763282003
"mb110" 0.65851171108375 0.0773297747407723 0.0523976580001202 0.160341036006189 0.0711562327343451
