"quartet" "cluster" "phylo" "mutual" "shared"
"mb49" 0.996773470759579 0.0407906219751257 0.989575843989599 0.274207351811488 0.138225973252631
"mb50" 0.807252751878433 0.0471052636631051 0.572621332726893 0.215585038923226 0.132614711816263
"mb51" 0.872149888853604 0.0309754159538419 0.833213503833592 0.20029637123506 0.0973944167353214
"mb52" 0.702225691966531 0.0651179170092224 0.196529421318887 0.190512710340017 0.108628902038521
"mb53" 0.800534541862762 0.0336078311010675 0.755270052920561 0.214095118482686 0.106171472978817
"mb54" 0.80327141668977 0.0345974859692741 0.749974322250056 0.221472664956282 0.105292937825508
"mb55" 0.622822806168408 0.0834619202402723 0.0204266088113448 0.155010645376275 0.0693318738028184
"mb56" 0.723096841578449 0.0913966387740101 0.103768789738383 0.201758473156092 0.109169943662631
"mb57" 0.95769779848223 0.03100553345527 0.936799497735443 0.203636806053826 0.101861978061185
"mb58" 0.781014128120766 0.0394427852707523 0.662982548372784 0.247533827599915 0.118074610104696
"mb59" 0.877563289025449 0.0294373899646985 0.895809795395884 0.196057892359702 0.0969597264795047
"mb60" 0.875292812230305 0.0357232186726332 0.78109272378159 0.225797387128405 0.10974597645466
"mb61" 0.799526508819764 0.0906455538031798 0.240037269127952 0.232007219753154 0.147983870443035
"mb62" 0.881534178781318 0.0341728725924696 0.863117472210548 0.223465429665104 0.110350770596989
"mb63" 0.824774503908599 0.0327179611498833 0.799916969945991 0.211135843709377 0.103541200129639
"mb64" 0.770659097803007 0.0436165659512178 0.609102817907011 0.207144754673491 0.125854556462201
"mb65" 0.782818532818533 0.031724456847025 0.768368612597468 0.204896441208706 0.0983209906310387
"mb66" 0.752932808383174 0.059572990926189 0.339714630039015 0.220034888856403 0.135699156515097
"mb67" 0.711973852040816 0.0470952810532471 0.476138091433827 0.181615757224795 0.116761779561127
"mb68" 0.854578480606902 0.0381659659492805 0.760244411760789 0.238889510737952 0.116688699838349
"mb69" 0.732298208885787 0.0523492569106213 0.373030416804929 0.196811625775266 0.129865724711366
"mb70" 0.68417392727124 0.0691587548445905 0.144610684548915 0.174683038283099 0.102714183919131
"mb71" 0.718397661966938 0.0654482962317212 0.322369780650832 0.18026979606982 0.125025727961121
"mb72" 0.648766463838047 0.0755448128978957 0.0619775826263829 0.160182188670019 0.0915773416419704
"mb73" 0.838558287966961 0.0412989732227175 0.715753421160759 0.260477457049246 0.124227467211475
"mb74" 0.694335663302251 0.0512448593500046 0.395247777348371 0.172765696269176 0.112684506201226
"mb75" 0.801108300204795 0.0792005917361327 0.291250960833977 0.234802946557757 0.162861293020405
"mb76" 0.769123072136539 0.0417611748352268 0.600465495177144 0.194069040152064 0.115965536192516
"mb77" 0.595430896376351 0.0744465983353656 0.0413134374232367 0.141429833215732 0.0761013669627746
"mb78" 0.801106330287503 0.085104638757519 0.270340137799552 0.233166757077465 0.152957795880886
"mb79" 0.77603976245294 0.0603374938434887 0.333111138834997 0.228259221123338 0.14588563894418
"mb80" 0.720233932998538 0.0349867969510377 0.599885833675738 0.210786644924095 0.0974777170273564
"mb81" 0.822948672744673 0.0412085666777341 0.648767681613743 0.257238941620448 0.121854671284898
"mb82" 0.701955495616993 0.0724247127313109 0.260093158444681 0.178438660436547 0.125648011924076
"mb83" 0.683301998760621 0.089276124134115 0.062189679954897 0.181979028681141 0.0855490115332794
"mb84" 0.769481852520939 0.0905824625893332 0.167004557818506 0.219735583975544 0.124528889432671
"mb85" 0.741880237323384 0.0310114035548631 0.718547787719187 0.194057041983051 0.0922486385182947
"mb86" 0.655320610237078 0.0701464695155852 0.124479867687085 0.159871934510547 0.102854017678481
"mb87" 0.705551635046628 0.0692851031451778 0.280882807048991 0.18002392317505 0.124044284846149
"mb88" 0.849312853678254 0.0392851550001722 0.747249884725527 0.250521074718446 0.120579497043366
"mb89" 0.683508320308909 0.0666914278989436 0.154947272539147 0.177946733476569 0.102911311494234
"mb90" 0.774204794075926 0.0464781143963839 0.603866420656811 0.182774336851385 0.123185201834095
"mb91" 0.740978462416203 0.0282667554643643 0.718599143219076 0.17561823620889 0.0816900104958867
"mb92" 0.681740828269788 0.0588789504887154 0.216119955869878 0.167808803702591 0.106628717268668
"mb93" 0.675586310080419 0.0530347862827043 0.35679544222276 0.173883812268381 0.112266341752305
"mb94" 0.617472516863459 0.0813870546827423 0.0102306598569841 0.148568808536715 0.0603729611204578
"mb95" 0.705860313402244 0.0535573735916167 0.374511348282285 0.17462582702052 0.114597571780588
"mb96" 0.729016203959332 0.0544690123355699 0.416292636956811 0.180747188021738 0.123884952696104
"mb97" 0.753012722456441 0.0486856725120084 0.449854960118345 0.218231146658686 0.128563914388846
"mb98" 0.664771342303664 0.0865347883178932 0.0622297996891439 0.174215920776427 0.0783163073053145
"mb99" 0.703193893421457 0.0672552227888741 0.28079242109182 0.173890213629676 0.117609302692211
"mb100" 0.622887367617999 0.0707690764218558 0.0620268305345446 0.147336007896754 0.0702508082145976
"mb101" 0.610286281821729 0.0698586594804955 0.0418277151804842 0.142188696554604 0.0724660245711403
"mb102" 0.62610266461117 0.0719165410003745 0.0418381651529032 0.147846762719072 0.0729895142901188
"mb103" 0.611898127201458 0.0795280119508506 0 0.144938722570641 0.0491515494702531
"mb104" 0.651148021890439 0.085819491195232 0.0622647289954042 0.170440159656154 0.0826034866535636
"mb105" 0.649680734390837 0.0641648607933367 0.112749275142292 0.155960346747847 0.0948343634778977
"mb106" 0.694357855361596 0.0592510388023934 0.206751917077419 0.191951339259685 0.0980293161959537
"mb107" 0.688170892358331 0.0657532302462186 0.175854431417219 0.177382465846251 0.105160059238892
"mb108" 0.659131175850546 0.0356728167652449 0.518712180109636 0.165000104607772 0.0936992875722373
"mb109" 0.652464244508784 0.0566946283651387 0.165300098086346 0.160047921905528 0.0955965416488768
"mb110" 0.748437184916314 0.023613116481315 0.687994296686431 0.149931244911372 0.0664672563409224
"mb111" 0.662794218143128 0.0864408935489684 0.0622297996891439 0.173250021547491 0.0782269367932231
"mb112" 0.613176503180861 0.0801182339799718 0 0.147945884278415 0.0495255130292931
"mb113" 0.643330551526888 0.0607546361197468 0.154385737150631 0.15818124429962 0.102859288755256
