"quartet" "cluster" "phylo" "mutual" "shared"
"mb49" 0.907954243149774 0.0369996916559074 0.873631215991589 0.248476673985758 0.123041864466192
"mb50" 0.743942549836428 0.0763768722569368 0.219448789325818 0.197510659698378 0.123446562265087
"mb51" 0.667735458687078 0.0944722904810068 0.0205426465138522 0.176195862084359 0.0885777617998025
"mb52" 0.775210311942168 0.0594011037590017 0.426157049019723 0.228149115999605 0.154626187992902
"mb53" 0.828878599391904 0.0471683904905195 0.717447997142239 0.237108320643764 0.148952186575251
"mb54" 0.726891157812718 0.0574467157236605 0.458994188214392 0.19932523495062 0.131230140663889
"mb55" 0.873851515471539 0.035783112357996 0.852664905407352 0.239191525724571 0.118724080498082
"mb56" 0.656503332622439 0.0689126022933277 0.0817406728531113 0.167014192753894 0.0843888520555633
"mb57" 0.739704041816977 0.071074034151972 0.250822402792571 0.196283014499124 0.129673615636854
"mb58" 0.972712340380438 0.0366602553584141 0.9582969509156 0.248569408196082 0.123679876363368
"mb59" 0.886509093213358 0.0324952576531192 0.894805134031458 0.21977891163387 0.109968479812343
"mb60" 0.689722790946773 0.0732452115025989 0.135040878696862 0.194199950154977 0.12017419644961
"mb61" 0.719144524182236 0.0686710682547907 0.249767822384419 0.188724387778288 0.115163305759172
"mb62" 0.701438224200157 0.0709470740149005 0.1977688078728 0.181162632692276 0.106712146866846
"mb63" 0.741459807188553 0.0667508962081631 0.301780117886803 0.198175245724148 0.126978793931301
"mb64" 0.702901253756087 0.0517922382799444 0.34193223993158 0.197133388573905 0.126245952610353
"mb65" 0.774956773178856 0.0551956585702748 0.405979311723581 0.209182136120844 0.133240520941949
"mb66" 0.639427750832212 0.0904400789167422 0.0101929467711266 0.164293578478188 0.0653816765440102
"mb67" 0.804459369264142 0.0475911291493505 0.542052789491144 0.221633591290237 0.131561378424159
"mb68" 0.732266219573213 0.0703926182947762 0.238392415151645 0.215758868839487 0.139171416256215
"mb69" 0.851158748551564 0.0395396206563181 0.736727374827151 0.251009047120251 0.12344007622173
"mb70" 0.895747045156076 0.0390958642886155 0.770684593449071 0.248979503944717 0.121673892290475
"mb71" 0.82627035511085 0.0381532763967308 0.770787320275612 0.248856288954315 0.123197773370226
"mb72" 0.86142065260872 0.0373945600862342 0.778867603451257 0.239659535234312 0.118484220512226
"mb73" 0.838085162655382 0.0390285068582109 0.755283995121504 0.249816294227848 0.121554328312983
"mb74" 0.787479640252107 0.0312667186084402 0.726192317671124 0.199401550235799 0.0937337655073967
"mb75" 0.641475634319167 0.0724569837634818 0.0618885216075534 0.163727462953878 0.0871518947758977
"mb76" 0.648403802349813 0.0740816409765896 0.113441180442058 0.164740614110478 0.0886695014789304
"mb77" 0.901767803410231 0.0305454000638854 0.885316615017901 0.202240053810728 0.10020687571808
"mb78" 0.748787201877299 0.0524261883051352 0.522125499507349 0.210639034314381 0.13819628865952
"mb79" 0.772117022342451 0.0371290848852394 0.709673999138165 0.245197660943665 0.11889838994319
"mb80" 0.795237152846494 0.030908982431101 0.739458670049042 0.199769504846503 0.0922313445366888
"mb81" 0.878017330307407 0.0378731290456847 0.82111163580318 0.24766467240292 0.122306246718494
"mb82" 0.749067459455434 0.065444155668879 0.293014914903627 0.220758164103373 0.144777918355789
"mb83" 0.713804126707352 0.034048749569025 0.642015664150727 0.213505315387844 0.103631816720007
"mb84" 0.711127356505173 0.0431168015516199 0.439412502921024 0.194817949179584 0.111268822774975
"mb85" 0.737760416666667 0.0350455300470807 0.645832263262224 0.224182777874702 0.10530663967239
"mb86" 0.748355772624785 0.0577290083663401 0.37641970951037 0.195436512831906 0.128968843799976
"mb87" 0.712170937783674 0.0288726080682878 0.684155892774834 0.184273504069638 0.0842146162917946
"mb88" 0.62777113641943 0.0851395062403665 0 0.156510375070704 0.0582039335328648
"mb89" 0.657942729037717 0.0728860813618698 0.104616130895632 0.167135741908337 0.085776004173648
"mb90" 0.676629874148958 0.0351600540358583 0.581528032831533 0.169725838957546 0.0958252388451999
"mb91" 0.626320385963734 0.0846286561548643 0.010238299069054 0.153906702736134 0.0531297777442409
"mb92" 0.729286962840757 0.0778042067404193 0.177511957545472 0.190749915997933 0.117673521013433
"mb93" 0.673975434419497 0.0702447545636569 0.147305825225726 0.168011680990269 0.0947154678557636
"mb94" 0.650279423185272 0.062392063181055 0.122836853892615 0.162542766335402 0.087241000322143
"mb95" 0.651848734865221 0.0548148304408675 0.17448217940321 0.163478039148388 0.0940722918282595
"mb96" 0.667952988199467 0.0719668947308338 0.103758152592802 0.180565671910923 0.0977399858790598
"mb97" 0.654853268192225 0.0897047976120787 0.0205131895309565 0.168261974072742 0.0862729532569299
"mb98" 0.630123989635846 0.0853905900335705 0.0102245234819548 0.156620029014124 0.0524769224736243
"mb99" 0.654841666728773 0.0508444476301166 0.259728268287513 0.16384688568449 0.109225509692884
"mb100" 0.629441214971245 0.0870921460732558 0.0102093700420827 0.157918847503981 0.0581557916769002
"mb101" 0.630168284103162 0.0873866319600596 0 0.158276748751215 0.0570913124382183
"mb102" 0.804639175257732 0.0474209676916921 0.49985168878592 0.216979409433106 0.130615091018251
"mb103" 0.711213517665131 0.0436529828228376 0.431573268274008 0.201220261270074 0.115605281026507
"mb104" 0.636475201715285 0.0388094780358368 0.407826781683213 0.150060649786503 0.0937298964515005
"mb105" 0.652052159363588 0.0586213860987367 0.144598890250944 0.163894119668392 0.0974431017024613
"mb106" 0.729521186957239 0.0582470669166491 0.324775670003921 0.191195181972376 0.122250000307057
"ufb1" 0.651936230743622 0.0617421872457855 0.114775217841555 0.164984856766973 0.0908458233734036
"ufb2" 0.647936551017023 0.0634648571222318 0.0928352503762326 0.161728398426104 0.0865399842078456
"ufb3" 0.626357231661832 0.0230576623216545 0.729238361431023 0.14572917090743 0.0666583048268945
"ufb4" 0.727058294956756 0.0312978745898091 0.684207794638742 0.202064546157286 0.0954097172604977
"ufb5" 0.705351007393969 0.0707728271032499 0.16645516834629 0.200350668377576 0.12067769249909
"ufb6" 0.669045317758995 0.0530359952924056 0.23004342893911 0.17582198002795 0.103607346244581
"ufb7" 0.632548771556029 0.0527006034214332 0.260443571341758 0.158100238990044 0.0817876043064657
"ufb8" 0.624523636661873 0.084130848729806 0.0101553293027866 0.156424513897883 0.0600038873067501
"ufb9" 0.646073892743981 0.0885651720740641 0.0101072795153761 0.164182658781846 0.0605820108613183
"ufb10" 0.558801864232226 0.0681870319433895 0.0312071098233026 0.131415072833522 0.0579235714130949
"ufb11" 0.57712193703912 0.0664510915805066 0.0103231422468786 0.133048103607018 0.0576497050900126
"ufb12" 0.611693444945351 0.067101548253208 0.0410060448763896 0.145658081009834 0.0595165551922744
"ufb13" 0.700566603710699 0.0407625256609092 0.48613862191348 0.189749232612644 0.105551868309498
"ufb14" 0.594996503652567 0.06563999463191 0.0307073556962411 0.137298643907742 0.0605463078654692
"ufb15" 0.585205576403977 0.0675472911845854 0.020795472737679 0.137852045381929 0.0598373975108076
"ufb16" 0.771353657452671 0.0500541785100664 0.561199754038694 0.20199730695813 0.131552510848934
"ufb17" 0.617676476875713 0.0703934150088053 0.0828508395547503 0.152828111598661 0.0661770465093748
"ufb18" 0.656920957557756 0.0666270619485895 0.105477659849144 0.16812890276889 0.0876807473169095
"ufb19" 0.776641739808131 0.0450760918506607 0.510041562887722 0.208101523585848 0.125829877022299
"ufb20" 0.593839862796032 0.0682808308470506 0.0517074399690597 0.139898633672243 0.0654191593356298
"ufb21" 0.580166310048692 0.0679007967784988 0.041305657157763 0.134005520019376 0.062993917937199
"ufb22" 0.729324562810845 0.0618389454468319 0.282466477811041 0.207448177752836 0.128053154909428
"ufb23" 0.662642331109663 0.0535436139116692 0.198291914432573 0.17383632643363 0.0943656294807394
"ufb24" 0.646433131760908 0.0449518660072033 0.293370479429372 0.165786263075839 0.102752887966118
"ufb25" 0.722761884768793 0.0462199163509584 0.470901809669254 0.213614697650588 0.130105859525935
"ufb26" 0.802023737407731 0.040238443580345 0.652478243398205 0.194877518505534 0.120936795564579
"ufb27" 0.82684098185699 0.0285486114014552 0.833393257315482 0.188671592157017 0.0897827406815927
"ufb28" 0.758330766510376 0.0505339162658375 0.571524242131392 0.204374551564888 0.127895395810006
"ufb29" 0.573783736722967 0.0539286435260057 0.19709516902511 0.128004908111207 0.0781766095794373
"ufb30" 0.617342154257391 0.0832090266166478 0.0101750246042495 0.15174598336977 0.0604486013424832
"ufb31" 0.627371225890699 0.0848042939766642 0 0.15602723254151 0.0543194292006698
"ufb32" 0.618973595549636 0.0706165244676063 0.0828508395547503 0.149439201789532 0.0717550288591597
"ufb33" 0.742923769700868 0.050820848300217 0.408487680162127 0.193101990244674 0.120656677916619
"ufb34" 0.622116601658358 0.0341009648912473 0.455545481866034 0.151505663820457 0.0882157270868062
"ufb35" 0.617381387452536 0.0392665051873754 0.358537436160763 0.146116743336541 0.09768965422116
"ufb36" 0.622363066086159 0.0556030841542749 0.156620693454239 0.14865047020989 0.0965185801210287
"ufb37" 0.739137062027477 0.0524189357652534 0.468549566696087 0.204618192156554 0.133892728656387
"ufb38" 0.641054126903184 0.063036897166608 0.0822626939191916 0.158656522296453 0.0822092313824455
"ufb39" 0.693070271586896 0.0693921557428821 0.154692802524115 0.19434542184759 0.111521749575718
"ufb40" 0.792571626617375 0.0477642836398257 0.546163301502686 0.222903877462641 0.139805456088238
"ufb41" 0.676989966555184 0.0409598532469888 0.445369711323553 0.189688047238881 0.102449614668514
"ufb42" 0.648175872367774 0.0588561557882229 0.113497467326658 0.162821775646234 0.0866798500834886
"ufb43" 0.651664738489492 0.0508138055537705 0.198291914432573 0.167241470922015 0.097192257079248
"ufb44" 0.766357814116249 0.0400194655585582 0.633837028727592 0.194190893324931 0.107887475998489
"ufb45" 0.7574152007103 0.0556980843607188 0.488539044875048 0.196214996974647 0.125884149227619
"ufb46" 0.683861497732694 0.0342479804083559 0.602535056209003 0.166317118404099 0.0889758325857088
"ufb47" 0.664432096552548 0.0481324449668002 0.308390947741149 0.174200424104027 0.103402361812271
"ufb48" 0.674921562522453 0.0411794946330366 0.365264709758562 0.181424399452286 0.0960718461181791
"ufb49" 0.676363128621629 0.0392209090401297 0.449815793256612 0.174814889994791 0.0966937297105556
"ufb50" 0.635089152559355 0.0584489978579067 0.0933441060550302 0.155627466802324 0.0874482321790218
"ufb51" 0.611666440560907 0.0568434268248464 0.0928378564567596 0.146505909721409 0.0869677630744489
"ufb52" 0.572699651815218 0.0684040631994767 0 0.133378325615593 0.0518741453113771
"ufb53" 0.666278562072478 0.0451481428868497 0.383700036934717 0.168828546463065 0.106486718903162
"ufb54" 0.619194651360055 0.0607809677649536 0.0623042322916762 0.150998595997984 0.0829016368071035
"ufb55" 0.637703224403241 0.0868656644827671 0.0101335276658025 0.161174569131668 0.0656471633821342
"ufb56" 0.610417100321613 0.0714394647837203 0.0202552648707432 0.147753266753112 0.0608096446373201
"ufb57" 0.633006487605925 0.0697121332245138 0.0723023992111647 0.159556789107004 0.0904760627699466
"ufb58" 0.695669203222919 0.0324262660903827 0.572646473711443 0.198861860004051 0.0909667822107313
"ufb59" 0.688286905886056 0.0434463149957732 0.413070016569919 0.200538531021471 0.113457286476965
"ufb60" 0.624422083701212 0.0854963548686617 0.0102245234819548 0.154771142725798 0.0578655456888483
"ufb61" 0.769703058718464 0.0459516917771261 0.555896054233117 0.218518007137766 0.132281309331153
"ufb62" 0.767617949457096 0.0471645787661281 0.530310178231072 0.223810280752874 0.134679159271534
"ufb63" 0.693493874102239 0.029441394335611 0.697755620964642 0.187119249268711 0.0860630854261298
"ufb64" 0.654986908348578 0.0567273333387011 0.15825297099467 0.168188139064217 0.0931730230601679
"ufb65" 0.61348358620941 0.0820954783372682 0 0.151362649937874 0.0567014290421527
"ufb66" 0.640478499838345 0.0361457437100167 0.418365056647422 0.163576433378203 0.100353637579179
"ufb67" 0.627819300781475 0.066755362741658 0.0624367735473179 0.154639365878494 0.0828710815238834
"ufb68" 0.563399130143861 0.0280817509735059 0.521267109794691 0.169899736193411 0.0737894260792338
"ufb69" 0.615042256011026 0.0688141425349432 0.0411220546610596 0.149252444530433 0.0669502153038517
"ufb70" 0.732489805708803 0.0517780691026444 0.447669847606915 0.204993628035161 0.137896060755968
"ufb71" 0.734506596407308 0.0585395146955954 0.301803504370252 0.191485462699787 0.114498539964264
"ufb72" 0.81009644732023 0.0327433718611538 0.821059733939272 0.2156650842097 0.107175688079999
"ufb73" 0.604062199260497 0.0350620359036667 0.380479875741222 0.153929662636394 0.0917318615542028
"ufb74" 0.611699552757286 0.0583716456323482 0.0919611322015072 0.148718641023433 0.0895841522080486
"ufb75" 0.644631263525887 0.0690807574387348 0.0730095775032041 0.162343957463033 0.0839815440326866
"ufb76" 0.610440299046221 0.0797942405045997 0 0.146620621415806 0.0459688484636164
"ufb77" 0.60050679060266 0.0770985718423105 0.0102734608326209 0.144507942401335 0.0496845594569567
"ufb78" 0.724205378973105 0.0429180528886938 0.489424516741589 0.200709463562068 0.115611721735711
"ufb79" 0.664830174412976 0.0558701207621276 0.239510594317858 0.167997527957595 0.100807912272262
"ufb80" 0.676180408738548 0.0437924014065439 0.37592505529035 0.165975099327161 0.10758437672068
"ufb81" 0.739875782091536 0.0502759484054106 0.41897365690645 0.19548950699732 0.121527942665025
"ufb82" 0.763846354010288 0.0645416936000507 0.398973768704715 0.200815260610419 0.127324150461952
"ufb83" 0.609746719853895 0.0363000625355452 0.428886094908223 0.166481787325234 0.0804008153637001
"ufb84" 0.669225074037512 0.0395760427520882 0.439532935722238 0.177569376386509 0.0938432655968526
"ufb85" 0.740352 0.0596444088599882 0.374809927496775 0.200286720473924 0.129745385414705
"ufb86" 0.627060943862225 0.0311974539976545 0.553102209832391 0.186430309438977 0.0838700802104207
"ufb87" 0.620207951070336 0.0342276092904842 0.454386803301256 0.155524995393967 0.0917594880858695
"ufb88" 0.670241412414827 0.0467932697342408 0.351866099671316 0.176545266101141 0.107772495528548
"ufb89" 0.599570647968184 0.0776802596223297 0.0101516172166559 0.141387625441435 0.0477384506693817
"ufb90" 0.660905840286055 0.0269173852545019 0.718658508920112 0.172362250845834 0.0790541099022277
"ufb91" 0.594685362684774 0.0363859242028849 0.38705081605124 0.163370635199038 0.0812819390140112
"ufb92" 0.623721820983552 0.0698731632175307 0.0520073554299193 0.15127955548297 0.0720754212349655
"ufb93" 0.806935527436681 0.0414729939167128 0.687303487641344 0.20136811824393 0.119654279544793
"ufb94" 0.676874803890806 0.0416916105464804 0.420857018326929 0.189420995488307 0.106082412897221
"ufb95" 0.685780417503712 0.0409417451981724 0.439412502921024 0.18525727286176 0.104698997917232
"ufb96" 0.633497517840521 0.0578623687342383 0.165638276091434 0.15514042027509 0.089170154457513
"ufb97" 0.681258579044255 0.0664128338747525 0.15477773058916 0.186551650783441 0.0899794823325161
"ufb98" 0.643190412459227 0.0842640406469845 0.0309471722444434 0.160828889032559 0.0787745819585268
"ufb99" 0.611304391670448 0.0432547342022004 0.314113889463219 0.159581434699769 0.0930500640244351
"ufb100" 0.71790537367818 0.043618388364516 0.494791740017927 0.207044945856872 0.120699370517268
"ufb101" 0.630782239116445 0.0511738211051505 0.184048390100643 0.157723824800377 0.0920729748390748
"ufb102" 0.591728157700022 0.075396222768907 0.0103892812528197 0.141271468650085 0.049963376352542
"ufb103" 0.561985194953097 0.0661317494870295 0.0203563000516486 0.124156765143912 0.0513698783014125
"ufb104" 0.642465721481205 0.0432994882857193 0.331276229655036 0.161323424700987 0.0963964109438239
"ufb105" 0.59718139026182 0.0683022053510943 0.0312728741707548 0.143042649067022 0.0622480439062834
"ufb106" 0.598983444919224 0.0690695277093506 0.0620098655227208 0.143887446880192 0.0615047924269224
"ufb107" 0.620210302811246 0.0736825193110374 0.0415794896815105 0.143328447405097 0.0775300409604467
"ufb108" 0.627413069174421 0.0757940543172967 0.0415602199664838 0.149013289372589 0.0814556949894993
"ufb109" 0.78353806795357 0.0436563592164642 0.57694350050672 0.208074703579723 0.117187330174117
"ufb110" 0.712848566329014 0.0476940954641811 0.422139810342997 0.182991718422405 0.1153299128407
"ufb111" 0.609769881877874 0.0551319041967484 0.259633572555 0.145296000590498 0.0860795746616251
