"quartet" "cluster" "phylo" "mutual" "shared"
"mb49" 0.868845448992059 0.0331915763096239 0.825982089617422 0.212840164130593 0.103295493012122
"mb50" 0.822737409712745 0.055390137425034 0.531081255951368 0.248991067643703 0.148434488430199
"mb51" 0.646750330957684 0.0909335541400119 0.0410837597656987 0.166647783386362 0.0732376597353744
"mb52" 0.931279189664584 0.0335170304168383 0.906251605436507 0.217870662837656 0.106167124352998
"mb53" 0.701943556975506 0.0752622360956935 0.184797424010098 0.189948860225795 0.109837859672977
"mb54" 0.976032259896632 0.0352482807643321 0.979144190555562 0.234887170885436 0.117583808222587
"mb55" 0.901425178147268 0.0318419048040545 0.895823700714288 0.20618637207534 0.102304145723333
"mb56" 0.865163483651635 0.037610186887071 0.812451836904775 0.241095254910873 0.119006858603255
"mb57" 0.701082910002545 0.0893156498721554 0.0418592174001645 0.192749341446503 0.107749216904498
"mb58" 0.92433589323933 0.0467490684244123 0.833153524444494 0.296192676081102 0.146799595734052
"mb59" 0.801497466654907 0.0573723389669344 0.492373465838354 0.225724963839401 0.152565298130822
"mb60" 0.704893183648335 0.0670778892629024 0.280225641034157 0.183274541990741 0.127940888900086
"mb61" 0.776859085556554 0.0691739356146251 0.35101948957232 0.228441268611367 0.14624118387014
"mb62" 0.751450453592279 0.0712389383584295 0.267873462954892 0.213043983136138 0.130138438170677
"mb63" 0.891718741794885 0.0385830973962772 0.810433419483883 0.245363221413608 0.120546619084406
"mb64" 0.842926932880204 0.0469765879604924 0.65458295156755 0.222871346455951 0.133582944906614
"mb65" 0.837293874224089 0.0328565800951614 0.822879741626994 0.210799309101067 0.103491914046912
"mb66" 0.866061899679829 0.0411371347496855 0.76031231329368 0.255966324435035 0.124062187829756
"mb67" 0.71885833243987 0.0665752455594302 0.311131244640207 0.196512023050263 0.129113399599973
"mb68" 0.827193029634809 0.0401263707983398 0.742007323654993 0.257980821330229 0.124937427639388
"mb69" 0.723767381739437 0.0852546480074035 0.0835399341582883 0.19747398025036 0.127234076739617
"mb70" 0.842745983935743 0.0322856302982535 0.791493279523858 0.204384012059188 0.0990664890835884
"mb71" 0.81154123054771 0.035057779812551 0.715702041867184 0.215097640814768 0.102481360953116
"mb72" 0.734207552464524 0.0513560090858479 0.488372439173708 0.174130020166846 0.117506534100965
"mb73" 0.665189861045209 0.0758658134019082 0.0830267790893869 0.171200222659859 0.0838262786609831
"mb74" 0.638920845290452 0.0854518365672352 0.0512081921091023 0.159212138779979 0.0830219800279346
"mb75" 0.807660569385229 0.0403997557668143 0.672194808266379 0.191972022668502 0.117180965247259
"mb76" 0.69828415583981 0.0725263662846266 0.218652506400682 0.189613003566022 0.117489851954364
"mb77" 0.819404975932262 0.0333351345841188 0.819021128028857 0.214886285386547 0.105017041221612
"mb78" 0.842036999112567 0.0343253682531536 0.774137102842505 0.22094499762293 0.105330709744594
"mb79" 0.848284637596046 0.0391136124381185 0.757902933574952 0.24729543851607 0.119621478626732
"mb80" 0.747036324329461 0.0459312047586718 0.530168820260587 0.178038114347509 0.117193883037398
"mb81" 0.702144105685701 0.069869707578383 0.228135016138632 0.181736885307449 0.105998849523737
"mb82" 0.805457098253297 0.0624014494196805 0.473316843422343 0.236396559268356 0.148918100261682
"mb83" 0.673840952594029 0.0731847556827882 0.112922545194993 0.171337379334949 0.0811745750416127
"mb84" 0.83348249244882 0.0366889078522878 0.744636201931478 0.225547840217866 0.108107765353633
"mb85" 0.673075713459607 0.0748861230222437 0.135081452030136 0.176201905811029 0.0865976054195974
"mb86" 0.760417190248806 0.0652485171369074 0.302035801440661 0.207214291797222 0.141897462208014
"mb87" 0.686716244526743 0.0519791049408971 0.341691340355219 0.196049612273357 0.114619468524424
"mb88" 0.736743286299499 0.0572246340311532 0.45710457631879 0.192504560297058 0.129450699328929
"mb89" 0.706626619503108 0.0687274765612483 0.249893077244992 0.187494634629017 0.117687442908402
"mb90" 0.788465738736771 0.0605182699317522 0.385290587634144 0.221956467473907 0.140691870251245
"mb91" 0.819549970777323 0.0275544783615589 0.843838299007912 0.176607675536591 0.084940788717893
"mb92" 0.785766423357664 0.053964462081765 0.550623474442761 0.209332023671329 0.143503075163124
"mb93" 0.758080614919637 0.0585918644744668 0.354063323197386 0.214484904674337 0.132644409196025
"mb94" 0.615734077722346 0.074498042148306 0.0209134085628024 0.149250540718964 0.0737127849690928
"mb95" 0.77693628891886 0.0494122751382374 0.551924184390641 0.187717956909389 0.13227649103027
"mb96" 0.616120369135108 0.0701785512004194 0.0621968999481598 0.148479692224241 0.0711879400612485
"mb97" 0.711142921720787 0.0343270299248404 0.617004516179367 0.161997443278214 0.0882746810624394
"mb98" 0.613108888605767 0.0716909899062804 0.052947481616412 0.147785367918134 0.0714892352810481
"mb99" 0.72117501787223 0.0800390959067204 0.114750659386009 0.194506474929426 0.127893279983661
"mb100" 0.658160321614119 0.0831514598632078 0.0209228743417105 0.167134989724946 0.0735548782368378
"mb101" 0.727690735694823 0.0230770306288891 0.670880828600255 0.152530714547051 0.0719134107187157
"mb102" 0.628962135833964 0.0863841138150464 0.041403744348416 0.156138690415975 0.0637862363001754
"mb103" 0.624294979418257 0.0841507287160595 0.010467790450771 0.154002703329442 0.0578284268459594
"mb104" 0.633680281496494 0.0867976451152081 0.0419892897535929 0.160014520392669 0.0595097659726349
"mb105" 0.679057625050545 0.0534085559967635 0.363174005462385 0.174906852174807 0.115318006741118
"mb106" 0.668311501884084 0.0821586957053435 0.0313884581077935 0.173115895386377 0.0732865459028484
"mb107" 0.626295892705521 0.0786563415548042 0.0209333342696567 0.152048938607125 0.0704314483674483
"mb108" 0.620579466467907 0.0838368899077227 0.0209298852303638 0.14996994759482 0.0612076097844875
"mb109" 0.632879785401589 0.0862713615600396 0.0106881104499894 0.157304474934117 0.0566471476882473
"mb110" 0.647671633294637 0.0750677992375953 0.0636508503313667 0.164095987939201 0.0770959671494867
"mb111" 0.639715868607407 0.0761791086863417 0.0313708464486387 0.161307950996771 0.0769968387784249
"mb112" 0.739708272689607 0.0520341422468592 0.468408966551374 0.192774818960553 0.123304843798244
"52" 0.641620835653257 0.0780810696487786 0.0320469480926171 0.16041544315751 0.0713505403798896
