"quartet" "cluster" "phylo" "mutual" "shared"
"mb49" 0.780488061760772 0.0516990014186288 0.519353058267745 0.199795318734153 0.132377558272215
"mb50" 0.5972850145199 0.0814301424797294 0 0.151787935951374 0.0580610208212365
"mb51" 0.848645598194131 0.0343713519932445 0.776454526982458 0.222611001220558 0.106734471977235
"mb52" 0.728327234160464 0.0534170560371368 0.396731861971684 0.20073841185195 0.128860090648943
"mb53" 0.905572451682527 0.045633379243411 0.768312298017674 0.283569157327654 0.141803090597775
"mb54" 0.768722751603447 0.0572665562010224 0.46735278158625 0.196809965723229 0.129760149104769
"mb55" 0.862582478005865 0.0387990570219449 0.799927314755531 0.249836278301547 0.121749524527094
"mb56" 0.773541606402468 0.0523648165594753 0.460233438757006 0.233868910714138 0.136859367959211
"mb57" 0.899809966216216 0.0383851770148076 0.827933610330337 0.247737997443105 0.121310083426382
"mb58" 0.66029175549527 0.0758447669427959 0.104014478115901 0.169487323299658 0.0961832615030981
"mb59" 0.692711749438007 0.0754789187979819 0.177079581801989 0.18816719157665 0.116464149670653
"mb60" 0.808129500684402 0.0336198014798779 0.778850636930293 0.216360321557274 0.105936912040403
"mb61" 0.71071953518131 0.0744235415452651 0.218841424979165 0.199886097961538 0.141046456049138
"mb62" 0.764236778976032 0.0409638891605465 0.600489697230307 0.193423897763666 0.116926560399243
"mb63" 0.817887066225803 0.0568073566519336 0.542261407237838 0.22506077085706 0.157938862628703
"mb64" 0.812273145235445 0.0404464154576068 0.718777295225155 0.256843867751173 0.12353740739485
"mb65" 0.754470397527318 0.0763218857609095 0.23966450248869 0.22592332707787 0.148434943397656
"mb66" 0.826944331336164 0.0363587199176154 0.781402532140574 0.233937817078363 0.112863588538464
"mb67" 0.841169338542368 0.0292915746712757 0.852515173255099 0.191876384195508 0.0929595031468904
"mb68" 0.719370408864305 0.066128218917866 0.292353088356691 0.197152395448064 0.132588032833309
"mb69" 0.686266418907767 0.0768915296983466 0.0834664715877136 0.195815270648442 0.0967868946967495
"mb70" 0.644252744403146 0.0733566311359111 0.0727906100498712 0.165214459908667 0.0964459775808167
"mb71" 0.704475298259023 0.0740393049304155 0.208646042594484 0.193580471307952 0.117020663449207
"mb72" 0.761213452561455 0.0686332613265562 0.321191483521888 0.225501066566336 0.148100099294587
"mb73" 0.823029768820866 0.0444872513078779 0.643219664741021 0.212392799206298 0.130531382811744
"mb74" 0.642280195332823 0.0909332891470511 0 0.171740007098285 0.0788957275606054
"mb75" 0.846034862276162 0.0328119633715436 0.808509521952431 0.210384298865956 0.102301069564187
"mb76" 0.861771715430252 0.0354221216435198 0.810309899572859 0.230187132882794 0.11193189192945
"mb77" 0.987358276643991 0.0355801460287493 0.968384983262143 0.238948468066634 0.11887284586074
"mb78" 0.765376492795335 0.0587283909333964 0.425294077909868 0.223640371391876 0.149560587629128
"mb79" 0.834239296402614 0.033721167460885 0.78487724024319 0.218543887405338 0.107001154050393
"mb80" 0.682967993726734 0.0745551445448168 0.13546464538258 0.183554126254492 0.0964583497752662
"mb81" 0.897934664454488 0.0328745439154436 0.885332640189228 0.216093293240911 0.107158336611561
"mb82" 0.871505666486778 0.0345559495280919 0.854251228344599 0.226745816003209 0.110510331782961
"mb83" 0.715710253998118 0.0301130719963101 0.684317094907304 0.189006344536858 0.0885343761997098
"mb84" 0.644672239519931 0.0662632191413533 0.104154574647885 0.159239665915548 0.0936981660697755
"mb85" 0.737490617963473 0.0305624242465884 0.709687683269608 0.195584540984131 0.0925370264969986
"mb86" 0.62441375570872 0.0730545884795121 0.0419460806939516 0.153470577984448 0.078384378196206
"mb87" 0.678541252661043 0.0759056910475373 0.157874026268888 0.1789871120244 0.108053620450044
"mb88" 0.758962557962489 0.0465357358626875 0.543933922390006 0.221021229100753 0.131641991765658
"mb89" 0.713439093104373 0.0700766779304687 0.252939780602001 0.19391357181842 0.121924995386784
"mb90" 0.685819797194205 0.0595997551261283 0.250396913949115 0.189021937363563 0.118995832669123
"mb91" 0.662100729305853 0.0478952304280975 0.300010620739392 0.15646456748466 0.0984556120882399
"mb92" 0.710943957678955 0.0257068285563234 0.563164719012608 0.161550760409131 0.0770677746573843
"mb93" 0.608478450307853 0.0699923773641402 0.07235804831148 0.145315280593669 0.075137009214101
"mb94" 0.681904697329995 0.0601306925306417 0.210738103105524 0.177553416362889 0.111168409000384
"mb95" 0.679881867997285 0.0580452907747458 0.271087918532206 0.182521151500823 0.121596704984448
"mb96" 0.572602059448925 0.0739609877277659 0 0.137008771624531 0.0469185739032638
"mb97" 0.621993624524752 0.0766200888405735 0.0419314958582241 0.152330465461389 0.0776957595457942
"mb98" 0.633122925083385 0.0724496137056108 0.0419656415890136 0.157943266833932 0.0828427839107147
"mb99" 0.627183039689386 0.0716283830134433 0.0518407320584048 0.156097610298499 0.0785239738042302
"mb100" 0.692773137889893 0.0670379932084918 0.221311613242651 0.187079308442591 0.108226871331361
"mb101" 0.828003636579244 0.0563897726736075 0.635457320475588 0.229844744874458 0.16427456801496
"mb102" 0.704856438047258 0.0754732116180013 0.12906539174469 0.206806736629367 0.114990302294044
"mb103" 0.731549425287356 0.0441009982282731 0.502083680573506 0.203327843794948 0.119987759210512
"mb104" 0.712652874614242 0.031838280371758 0.68743898714377 0.199083860899757 0.0943128920825595
"mb105" 0.661843777718847 0.0748626972015161 0.0526227826670178 0.178726936547022 0.0774650281412402
