"quartet" "cluster" "phylo" "mutual" "shared"
"mb49" 0.780014572707401 0.0444897429262242 0.591837170106373 0.209077150102035 0.12957045682622
"mb50" 0.676745709323206 0.0843514939831177 0.041693796917715 0.179916127532958 0.1133332292309
"mb51" 0.788424095816862 0.0378751088042739 0.691609502503052 0.244509840653487 0.116710108257694
"mb52" 0.806403736172402 0.0486158746831665 0.572800055822064 0.229153991855849 0.13828064279991
"mb53" 0.766589448909056 0.0821860049483751 0.239937193493901 0.212183537746719 0.135378210892872
"mb54" 0.709189150116559 0.0700873495906506 0.258388630235256 0.19321177232453 0.134297548352188
"mb55" 0.790886220248039 0.0579872254183044 0.406294536574455 0.217520069546145 0.143979839012823
"mb56" 0.796200262562206 0.0755929692394014 0.281243751866467 0.218658462701638 0.147254827992509
"mb57" 0.651238438417011 0.0948304355789868 0 0.164563541711085 0.0840677395671028
"mb58" 0.863330734749561 0.0430612256350563 0.697853189511198 0.271788290871344 0.128853026761888
"mb59" 0.697242005082436 0.0715847337610903 0.188728310738767 0.184734076803202 0.10663918338892
"mb60" 0.656260964392395 0.0914244358872245 0.0209115554199481 0.173518284945559 0.0928244388116163
"mb61" 0.742538878910872 0.0695298933134939 0.198327582705393 0.205349632345793 0.12514978289642
"mb62" 0.974112314278519 0.0394917488193104 0.947879159108913 0.266684452617008 0.132764757172273
"mb63" 0.902268418644179 0.0349320217471518 0.833264664708356 0.223593443590843 0.111946122431232
"mb64" 0.895873968492123 0.0395497677065281 0.770873722318555 0.254705848463466 0.125347557320956
"mb65" 0.890928872569019 0.0303223045325686 0.864588524802843 0.200424896086675 0.0961433181049593
"mb66" 0.925276752767528 0.0382473252307858 0.864485813683173 0.250566595212583 0.125205625029525
"mb67" 0.829659318637275 0.0348393633010726 0.799968627791825 0.232099577890274 0.113036743787423
"mb68" 0.77441053162888 0.0607757389245819 0.332256797287476 0.232564296266657 0.143822541268823
"mb69" 0.926048373064207 0.036013097178879 0.906233841955878 0.239993846142083 0.119410423340265
"mb70" 0.775004425562046 0.0522755284889099 0.458227826810428 0.196749671538289 0.133989446264677
"mb71" 0.852241112828439 0.0315221960131014 0.831517022351824 0.208057241236733 0.101247749890937
"mb72" 0.830579460699943 0.0353086691334083 0.757783016073575 0.226310476508868 0.108412798278717
"mb73" 0.749990164837326 0.0654292032712764 0.229857630807872 0.213212861893963 0.129248102086147
"mb74" 0.848515160987809 0.0336538648037767 0.791670703115155 0.217205158259637 0.106931872216129
"mb75" 0.723908263144107 0.0534615059129102 0.446569059458407 0.181742263154467 0.117513206802573
"mb76" 0.737906647807638 0.0319623038973618 0.670179851036791 0.204148427995324 0.0893790854388384
"mb77" 0.687145275610325 0.0709636930495168 0.103383263063771 0.175962946140147 0.104856960002698
"mb78" 0.698136810025392 0.077577285306602 0.135419203116715 0.181135715302498 0.12495639018969
"mb79" 0.691569801026681 0.0821163630767906 0.0730037146783814 0.178635786261543 0.0890335583749859
"mb80" 0.654052046079877 0.0818648271622025 0.0625384260688935 0.167814328844822 0.0943632227183473
"mb81" 0.870193154464862 0.039501994235807 0.733979750257689 0.248999248068342 0.120324115883846
"mb82" 0.846159179145868 0.0320792635693134 0.789331410633574 0.201607472722452 0.096649070426731
"mb83" 0.734166265784047 0.080570101410644 0.168674201319652 0.195658968049162 0.109193503723667
"mb84" 0.763153013910356 0.0343161268865828 0.635462247121398 0.209829728316423 0.0969256232202539
"mb85" 0.638594585613743 0.090908549526853 0 0.159612161266416 0.0769342565405946
"mb86" 0.779053113455052 0.0779427433476794 0.26327963802402 0.213365454039702 0.13317976796413
"mb87" 0.76691197595527 0.0416044474589034 0.633604079970123 0.203653199029414 0.124638568222494
"mb88" 0.770681862841423 0.0330345856612979 0.666632040536381 0.206554702466463 0.0963868146850343
"mb89" 0.725060555245016 0.0469755123374378 0.519267335121751 0.186375658866493 0.117423291595239
"mb90" 0.646019304405206 0.082073107613502 0.041773348787575 0.164883882865612 0.0886291358018924
"mb91" 0.699025293896948 0.0684845790011551 0.197897727327512 0.179542311729198 0.125384020476642
"mb92" 0.708976795897142 0.0572610608717447 0.363135296902441 0.186077679960639 0.129848422826641
"mb93" 0.644123188127187 0.0866010879626808 0.0209151866314368 0.166539739463205 0.0860472369525155
"mb94" 0.672920960161312 0.071226857546174 0.0929967048400671 0.1695325122121 0.0941933647891318
"mb95" 0.719829819529887 0.0571520065377024 0.342167627840045 0.18723541790512 0.131227163264176
"mb96" 0.769468130993065 0.0513139873316428 0.582131661455422 0.20642112656766 0.141436405612732
"mb97" 0.74716729615641 0.0273932725095077 0.781195179377103 0.178312369484589 0.086220588256168
"mb98" 0.644057850491421 0.0788670544541645 0 0.163140440587611 0.0878606655476675
"mb99" 0.792501464557704 0.0439992245588591 0.562491988991862 0.203186634880262 0.124888394832836
"mb100" 0.694557921876836 0.0540801669557312 0.361891436662057 0.181776579628165 0.123793601392086
"mb101" 0.631026066512076 0.0884780499765094 0 0.155731204407567 0.0736976447711847
"mb102" 0.675586918170715 0.0710535950293987 0.155647644172497 0.173314854626391 0.0927972714036939
"mb103" 0.876716829861339 0.0291562827332863 0.88418416969343 0.196115543064274 0.0944049533164839
"mb104" 0.651626248668615 0.0797567661833879 0.0209969283599993 0.164827166385918 0.0873064938221158
"mb105" 0.768278460572351 0.042001078756972 0.56243267498163 0.196080566334166 0.118997339052076
"mb106" 0.703514079590412 0.0262852437120232 0.729074338486016 0.166024468051447 0.0772328012773498
"mb107" 0.731850177259415 0.035441722939926 0.666567355311054 0.172067973241615 0.104670078992221
"mb108" 0.734549313851318 0.0473902576597971 0.498423559564295 0.185592509197877 0.116380748555393
