"quartet" "cluster" "phylo" "mutual" "shared"
"mb49" 0.763296007386792 0.0736565408138586 0.301270537342227 0.223276420115816 0.144578621885995
"mb50" 0.909821803563929 0.0331156154335078 0.906168030015996 0.216214419817522 0.105839590331861
"mb51" 0.929350403034614 0.036442299026557 0.884218038424904 0.238307021296928 0.117701345817651
"mb52" 0.757279621740555 0.0561448331976146 0.393311640843782 0.203318869710985 0.133366897512423
"mb53" 0.811701492537313 0.0371413933793703 0.72339611359702 0.231647249507186 0.10853742537634
"mb54" 0.886922143851925 0.0428935665801368 0.80196164906256 0.271819846560465 0.134663836624291
"mb55" 0.925939890121728 0.0382916540937044 0.86027017889866 0.252949298899455 0.123316182797757
"mb56" 0.892701432534964 0.0366455018493049 0.833290335863796 0.232570861991954 0.112131169384911
"mb57" 0.663354318780112 0.0625873543283401 0.217709618599063 0.157006463922719 0.0917418488246265
"mb58" 0.831044385680571 0.0622239176196351 0.51166764894583 0.237486791404979 0.167973512872232
"mb59" 0.707333325640967 0.0714320998378126 0.186972687633572 0.177160258170952 0.101647329632908
"mb60" 0.970437017994859 0.0382198376659175 0.947871127786665 0.24898792698724 0.124370666988233
"mb61" 0.755853804143543 0.0411233480877852 0.623374407022041 0.193556875849 0.117267406970624
"mb62" 0.807257855102571 0.0298209081129207 0.822813197947894 0.188323189253626 0.0906479083264492
"mb63" 0.766831448909115 0.0583844830416067 0.395550005668577 0.214627060759136 0.141138073191753
"mb64" 0.835636906985431 0.0329316064547491 0.778815440658524 0.208744529737331 0.0998314762054481
"mb65" 0.694309477336199 0.0734239947042662 0.154559386801875 0.191623538160697 0.113640232822868
"mb66" 0.673399890125818 0.0764301883900379 0.071866337151918 0.162013172174568 0.10888168769582
"mb67" 0.875250687068261 0.0508711963378275 0.767742756089373 0.25060325691549 0.157682459338881
"mb68" 0.80083843541174 0.0612390794733856 0.486336796484178 0.20825005038646 0.132694667805724
"mb69" 0.866426558095835 0.038352490624602 0.781058736703991 0.237516646335942 0.115127071767448
"mb70" 0.599603439982167 0.0766025900486329 0.0305786137267528 0.140452575298218 0.0582761253889354
"mb71" 0.747316681239218 0.0696529813494461 0.259978029611688 0.196993982082581 0.13298735355158
"mb72" 0.894310921813203 0.0312730448183239 0.874890706687995 0.200643499175612 0.098096957093646
"mb73" 0.610703872494263 0.0668463522094441 0.0830999108950254 0.142545543644899 0.0738863677190797
"mb74" 0.828769286048715 0.0571115889841264 0.573658981205739 0.226272748375647 0.142325161806657
"mb75" 0.833271352423454 0.0323032867908496 0.800103798340489 0.204163083002533 0.0966258602539779
"mb76" 0.701845769739482 0.0520000529000205 0.415327974560624 0.172329224051171 0.113930820970915
"mb77" 0.683714430511859 0.0705499146256901 0.0925385672636092 0.162244293458414 0.117846411574328
"mb78" 0.810234452943133 0.0428472826864476 0.658076450957895 0.205833270082754 0.12197142606456
"mb79" 0.863337507827176 0.039320766750389 0.760412641711595 0.240021200749116 0.115972574499447
"mb80" 0.782712020932738 0.0683947112663668 0.33738825185647 0.224748200727695 0.150124099684591
"mb81" 0.735372311760352 0.0718234111255668 0.228649728043462 0.188023187061927 0.118309927998689
"mb82" 0.783607312951298 0.0304891632230231 0.736882770022571 0.185825667167924 0.0870216143670519
"mb83" 0.752373520613864 0.0312362002930932 0.736830868097435 0.194924040930442 0.092759214732611
"mb84" 0.813073531164343 0.0369460634293685 0.705189406442285 0.22481765306402 0.10680421818383
"mb85" 0.568122182454031 0.0664739032969994 0.0515755727551967 0.127569668728145 0.0534937291762464
"mb86" 0.664765941985103 0.0686490410216689 0.114289149763171 0.162400767917848 0.0934043821890284
"mb87" 0.855817610062893 0.0368628403616967 0.77886734258366 0.231468944468075 0.114877134057567
"mb88" 0.654200926747511 0.0576076016506574 0.248809139434528 0.153846644829898 0.0979725733266889
"mb89" 0.712015926945132 0.0516095557529621 0.382522856422298 0.172131044269848 0.11794534979001
"mb90" 0.573987555833185 0.0637749597376919 0.0415261787504628 0.128279411153127 0.0608678429009243
"mb91" 0.642098970407034 0.0613188196575914 0.186487959822991 0.147996990599768 0.077440296671486
"mb92" 0.618696030475188 0.0680004400634052 0.031409033911526 0.139683371820694 0.0606104378638856
"mb93" 0.668766271940875 0.0250575543277121 0.594269143232024 0.152946870381515 0.0696891984377208
"mb94" 0.584890622575855 0.0732391278957937 0 0.133841092516388 0.0534842997986096
"mb95" 0.647951619945018 0.0677883659783247 0.112955277877563 0.165882411131301 0.0769693229149665
"mb96" 0.70938151765004 0.0663233176143793 0.187589953119817 0.170037503573562 0.119253609331844
"mb97" 0.64171585800899 0.0705619795742752 0.0418941169528723 0.147821894696074 0.0716274828059693
"mb98" 0.626565321049951 0.0714225095750785 0.0406595034856291 0.143842432831146 0.0754189979052015
"mb99" 0.647786473820682 0.0358522727041081 0.508032571494271 0.162108566293213 0.0880210262531045
"mb100" 0.687810857317964 0.0354094672929235 0.59369568288156 0.163188013773233 0.0968567907848933
"mb101" 0.638355947048129 0.0703412429813704 0.0314205877146543 0.147763755273409 0.0707732716447967
"mb102" 0.580070743289078 0.0719476732320995 0.0102244481428975 0.128222670904993 0.0441037526440221
"mb103" 0.56701490354821 0.0658673831414726 0.0515604180009623 0.128695171825787 0.0533987653276281
"mb104" 0.809201598661586 0.049247310189162 0.56824629854253 0.222665754700594 0.140807996012603
"mb105" 0.576660306462599 0.071188354470223 0 0.127535210267022 0.0518572740329187
"mb106" 0.598126072752761 0.0673369638708682 0.0312546021223112 0.133728031381013 0.0530928820106507
"mb107" 0.659921898800787 0.0568882314450457 0.174777698372275 0.159690774815964 0.103100207198
"mb108" 0.838839044225998 0.0504056174987904 0.599855577989435 0.227975252257551 0.14619131837399
"mb109" 0.592351517654642 0.0743753414183897 0.0306278841266394 0.136196054637787 0.0502436048943858
"ufb1" 0.718576631917096 0.0712077780011404 0.19904562963753 0.200097123092848 0.109399015493587
"ufb2" 0.584967275063122 0.0645993365919946 0.0917403485783264 0.133261214845244 0.0650073226659768
"ufb3" 0.678380475567886 0.0619844478991194 0.247777558401476 0.176662261472191 0.105132089644839
"ufb4" 0.605186934086262 0.0407417331068389 0.404476532607536 0.145258281119338 0.0881349225662487
"ufb5" 0.714588884434908 0.043948161176058 0.551777516547027 0.168322320426148 0.11410560426893
"ufb6" 0.612937317630811 0.0639061168883654 0.0935005645798645 0.144479404375239 0.072990557140622
"ufb7" 0.596307134970892 0.0630401866945555 0.051961893399616 0.13651473807873 0.0693325366389391
"ufb8" 0.650348911313437 0.0645966736342306 0.144064223511997 0.160012440076438 0.100973303548793
"ufb9" 0.587356470362829 0.0736112319596576 0.0306278841266394 0.134802363205571 0.0514795295077602
"ufb10" 0.663063903821223 0.0718202870845464 0.0837342270849274 0.156521545700317 0.104971565775095
"ufb11" 0.593490657759478 0.0672417751731595 0.0919135803833275 0.136177319468561 0.068640318888387
"ufb12" 0.519693460801314 0.0607905585324055 0.0104604076135309 0.111474154364237 0.0482878400376134
"ufb13" 0.722759743195587 0.0446925958367688 0.420174860921093 0.195545822679156 0.108773098511835
"ufb14" 0.808623932204926 0.0537089430491545 0.560022935814501 0.210648622941378 0.122962348872032
"ufb15" 0.717402445274178 0.0629207493575922 0.244472310407132 0.174378274480225 0.119886393758028
"ufb16" 0.675070306861452 0.0660760963994295 0.104720626830289 0.158636800269343 0.110887933237168
"ufb17" 0.707547099086132 0.0498866466295995 0.458100097894396 0.165889193467226 0.110735376824956
"ufb18" 0.813267903922075 0.048837717475882 0.570815370463585 0.224038829532473 0.143220421988263
"ufb19" 0.675579275464597 0.067032434740254 0.135082635587009 0.164906787321009 0.0942203595051299
"ufb20" 0.769937590677751 0.0460533679688004 0.511264709118614 0.204171644103827 0.119548978140562
"ufb21" 0.574344153993162 0.0707402459069263 0 0.125744558572259 0.0494978723804586
"ufb22" 0.67301869008944 0.0707575381173499 0.135207353413315 0.163891874477586 0.109615643454592
"ufb23" 0.693469464571375 0.044105879441252 0.494631352294017 0.169478076340711 0.111277466740276
"ufb24" 0.625452385463997 0.0773823552227117 0.0508524192839058 0.152428741101348 0.0804805516697505
"ufb25" 0.533175542726062 0.0609520602305513 0.020579256524536 0.112573005885908 0.0428896780355604
"ufb26" 0.626832829540188 0.066794843911789 0.103905890951622 0.150044095812039 0.0757804627245813
"ufb27" 0.605419279169997 0.0678669789986283 0.0209331988439915 0.136092547799412 0.0599642749701819
"ufb28" 0.794269373107547 0.0352132068951431 0.694586785910665 0.215232801264524 0.103561292826864
"ufb29" 0.711304610982723 0.0708950504689759 0.167519139442055 0.197369622744004 0.111456637241794
"ufb30" 0.734520659474863 0.0469915069605658 0.442050343622872 0.203776689675119 0.124550327447453
"ufb31" 0.632933373124546 0.0777692786369566 0.0507130945759551 0.156129485978908 0.0862351342691678
"ufb32" 0.743441466854725 0.0277716264568415 0.770735689207793 0.171864535312566 0.0826569977902618
"ufb33" 0.829255419415646 0.048467479561419 0.617174119810251 0.223508452927052 0.144330612917341
"ufb34" 0.580255593380089 0.0715374560072871 0.0099649673535555 0.136027744401389 0.0603406084899539
"ufb35" 0.571620185958936 0.0708243418212793 0.00998617641823611 0.133698647989218 0.0640384470484438
"ufb36" 0.770655041872204 0.0373984790161713 0.645712965096869 0.173634338067243 0.103671003400113
"ufb37" 0.574120986434962 0.0707224244842939 0 0.133162687367434 0.053387559917867
"ufb38" 0.735395443850412 0.061176529685144 0.270441383954238 0.193424114649644 0.120276375231757
"ufb39" 0.709107965205526 0.046075655201964 0.432957672690792 0.174615000484574 0.118488159172785
"ufb40" 0.698219636876432 0.0552077295871586 0.263343688901466 0.177003940177359 0.11465047605516
"ufb41" 0.488963178621997 0.0552656270335551 0.0306644987454087 0.100618481970487 0.0490824918961901
"ufb42" 0.567399457043837 0.0619144662320487 0.0622892681256943 0.120760494299708 0.0515508543830474
"ufb43" 0.579942897598034 0.0712854672982837 0.0308386274750159 0.130394876003132 0.0530550328957312
"ufb44" 0.757986318655775 0.0312555514712318 0.73679293762819 0.195459621279868 0.0917943483908014
"ufb45" 0.738161667829187 0.045175353146083 0.486259728071368 0.203641157226052 0.12499163997252
"ufb46" 0.770620255787233 0.0495652692799553 0.458142261375615 0.219732089859742 0.128335157832901
"ufb47" 0.552649193723649 0.0618333560736953 0.0415023724312587 0.11780825019618 0.047798315526832
"ufb48" 0.800163204093335 0.0441750721997154 0.599064762179222 0.209336230947381 0.117406712395674
"ufb49" 0.496148777238272 0.0558300460666674 0.0410043095527807 0.10388967545352 0.0498388424544726
"ufb50" 0.678353405977187 0.0443879953014667 0.40447498940352 0.162208885480638 0.101589870434084
"ufb51" 0.561567164179104 0.0413790791270994 0.311037676046467 0.12940578724419 0.0848223768994635
"ufb52" 0.785042242104935 0.0659321831548487 0.347799322673772 0.218558265740463 0.138120301628689
"ufb53" 0.585418868655247 0.062762156323031 0.0623069696090715 0.127502251945523 0.0528098740386975
"ufb54" 0.551795473557266 0.0630916283162818 0.0306798943966779 0.116969409069879 0.0413532588168583
"ufb55" 0.673277784297618 0.0336753269830319 0.599876143193457 0.202883690333639 0.0944047949574276
"ufb56" 0.619004501548751 0.0700791324712692 0.0308697286337908 0.139145996785503 0.0667033126716775
"ufb57" 0.818421486241555 0.034946578635578 0.784945407392644 0.226772795706354 0.107715869961319
"ufb58" 0.759680710329828 0.0529649038175759 0.478844895832221 0.200531229072915 0.139333105205135
"ufb59" 0.731154187254529 0.0460353048895014 0.472102130828099 0.180636005053923 0.115043728438599
"ufb60" 0.565144906083614 0.0692419362674234 0 0.129403304807793 0.0556907267557831
"ufb61" 0.570640448608508 0.069929900695418 0 0.131781722079127 0.0563910820084037
"ufb62" 0.656098749261217 0.0569305070016274 0.226607538368786 0.15904838013805 0.109844138132398
"ufb63" 0.541165821590482 0.0605446011208935 0 0.11543951460316 0.0346058326783778
"ufb64" 0.687041827089268 0.0445184608371883 0.456706825493847 0.169049786395311 0.104779660246688
"ufb65" 0.741204998658923 0.0603865002898204 0.392637671990995 0.183137875870385 0.111903615814604
"ufb66" 0.513133226096087 0.0585031042321313 0 0.105385011953749 0.0431925313185239
"ufb67" 0.686124118124493 0.0672569033836721 0.104884582580185 0.161070450017088 0.111116520265456
"ufb68" 0.698743602358591 0.0662561251594334 0.197439240058721 0.175718173010452 0.0997284390459796
"ufb69" 0.581955234953864 0.063278532228915 0.0727493541437243 0.128675973768007 0.0546633214501228
"ufb70" 0.610674861059231 0.0649317101665894 0.103905890951622 0.143638328051426 0.0805845251573173
"ufb71" 0.620894673482048 0.0749696565778444 0.0512212863100042 0.150738397664578 0.0768369626574519
"ufb72" 0.686027602665231 0.0553455612117619 0.332171262101767 0.165790539934546 0.0981326216871869
"ufb73" 0.732838849625638 0.0300539646372388 0.706424109228119 0.188483772359369 0.0869156212092987
"ufb74" 0.771663122705682 0.0565358839877106 0.437263573179223 0.208203515312825 0.136519084091054
"ufb75" 0.716261073073905 0.0576728016749333 0.2913003975805 0.183156698726849 0.11142007518676
"ufb76" 0.668481122928592 0.0568101402428398 0.218334169152736 0.163202827142008 0.095113684706269
"ufb77" 0.584939670674135 0.0675392656431836 0.0104630153797475 0.12909171538914 0.0439632233260826
"ufb78" 0.610715396138953 0.0380390343631167 0.489539316390673 0.140586593272146 0.0891516315265248
"ufb79" 0.54281732604433 0.059714964154253 0 0.114579416911688 0.0377903211783164
"ufb80" 0.589348198675594 0.0657853324524 0.0209349152286646 0.128257109171104 0.0427619126568701
"ufb81" 0.600830100272011 0.0665217365689896 0.0309112296486322 0.131237278774702 0.0485528009806014
"ufb82" 0.641007536650296 0.0510704403701451 0.294532397343797 0.148835522009659 0.0997663426497445
"ufb83" 0.531115953515394 0.0621547515499758 0.0209087267551368 0.114393416011317 0.0461726117951324
"ufb84" 0.584107123985403 0.0621992356785594 0.0507144229432263 0.144195846319319 0.0652393805879722
"ufb85" 0.636747975203667 0.0341994216673495 0.520766067818745 0.156196363230583 0.0829361690887749
"ufb86" 0.577776838568873 0.0709002337656452 0 0.125911476980483 0.0433464470899448
"ufb87" 0.730273598679617 0.0298580205348186 0.709779676153603 0.186183878338665 0.088045117956981
"ufb88" 0.611195190985221 0.0686592155705009 0.0308997991713565 0.136904874376873 0.0591761927151843
"ufb89" 0.699186082912213 0.0393085771127187 0.484134724921791 0.173477288289574 0.101305498020078
"ufb90" 0.64627441304103 0.0525728611543087 0.24228117225643 0.155209221895157 0.105135794085833
"ufb91" 0.709481975159043 0.0357700331255097 0.614372081721238 0.167412052027979 0.102444316983289
"ufb92" 0.63450929835616 0.0660213245852061 0.135168763448471 0.155655334418216 0.0860379377326921
"ufb93" 0.648867002254023 0.0662182278891705 0.11545041555163 0.155057373231167 0.101992136643904
"ufb94" 0.627964111612575 0.0603854067913768 0.188534996293283 0.146682650240422 0.0772237453124512
"ufb95" 0.643308788364443 0.0755817621091031 0.0927049326929504 0.162018984039272 0.0948484138099456
"ufb96" 0.659266883795244 0.0538698411468111 0.304316548899325 0.166419313082789 0.103804590132446
"ufb97" 0.659090262450869 0.0571618707668333 0.165380284989281 0.148044973430955 0.104213076579474
"ufb98" 0.674888117235587 0.0634954623809523 0.125090832374571 0.156078499618854 0.108582528224218
"ufb99" 0.650945755887141 0.0618174916626791 0.156894817982437 0.16084313626371 0.0961192122352692
"ufb100" 0.567586170034199 0.0687940358792552 0 0.128725894381579 0.0549604946931229
"ufb101" 0.68465367260548 0.0407409728061271 0.420891733549092 0.172657678455763 0.0979779432274865
"ufb102" 0.684474634355303 0.0486374121889283 0.373051856949662 0.171772129708007 0.106072253687618
"ufb103" 0.58435509844333 0.0643545899521992 0.0204407584141958 0.124810181865825 0.0491857681605518
"ufb104" 0.749728825815782 0.0366160303177218 0.645594315963737 0.171755760166167 0.101221539659226
"ufb105" 0.523638377324094 0.0602597078288902 0.0204066263635824 0.11442622342702 0.0426681591355512
"ufb106" 0.539357949503832 0.0631069208895174 0.0311784412500034 0.121583531179286 0.0489366725442643
"ufb107" 0.632421029444781 0.0572690892747443 0.25954216643756 0.151005332937048 0.0944429375374269
"ufb108" 0.540079468938114 0.0322136985196538 0.393061254057556 0.138907042613823 0.0729887219564453
"ufb109" 0.656423499031633 0.034132226552079 0.568322836366219 0.201155896979214 0.0948519778011181
"ufb110" 0.747737765466297 0.0557818479776964 0.382827042090099 0.207341064370499 0.132449537118182
"ufb111" 0.559818018422826 0.0612557551599686 0.0415143614762355 0.120307464004672 0.0445619891848827
"ufb112" 0.814932052611472 0.0365426012713419 0.684103618251677 0.223045195945044 0.106539305714869
"ufb113" 0.75581372335583 0.0462391059046652 0.489364495618113 0.20395658081726 0.124839080370786
"ufb114" 0.660848934720819 0.0367587378274033 0.468085654299872 0.163333899653081 0.0914707845331724
"ufb115" 0.63698098564222 0.0639081063374203 0.0621220731216298 0.14314579185239 0.0748153078674241
"ufb116" 0.58493997140654 0.0729896932924687 0.0305248460232679 0.133149529867804 0.0567723031030997
"ufb117" 0.655631766906638 0.033361506896889 0.57439623027603 0.200547361747367 0.0952167412628915
"ufb118" 0.599976690316283 0.0626563154244826 0.0721013116654 0.145656933202874 0.0629084823262453
"ufb119" 0.679067167410697 0.0550019830232549 0.220071746506093 0.170547313304647 0.107127182233799
"ufb120" 0.681901151361977 0.0265708365290727 0.697857995055593 0.161038815556184 0.0755779823542624
"ufb121" 0.509670517515608 0.0578190269507661 0.010170504445945 0.107265240505533 0.0390911804989555
"ufb122" 0.578514922159362 0.0703588711103849 0.0205132726578535 0.134235640137446 0.0598077660571188
"ufb123" 0.595601850611841 0.0756285278158488 0.0204185894177596 0.139447248954409 0.0513377301526282
"ufb124" 0.607646919990559 0.0333393909359122 0.476731926429324 0.150377642995393 0.0826505507148593
"ufb125" 0.634041479439824 0.0764357151670327 0.0510512259850353 0.158050402267416 0.085926284349609
"ufb126" 0.751787625776065 0.0459408600041662 0.508218919205975 0.209431888150821 0.125021245802351
"ufb127" 0.581809064925948 0.0720398948024238 0 0.130974777542896 0.0492079615972153
