"quartet" "cluster" "phylo" "mutual" "shared"
"mb49" 0.869876163962753 0.0401467174131166 0.770707880213874 0.255688342116018 0.124490103159222
"mb50" 0.824629349470499 0.0329436432703541 0.797839181064308 0.215306957998677 0.10243683894756
"mb51" 0.874783167362673 0.0307845861095741 0.874954915660915 0.201577024389292 0.0987266088879532
"mb52" 0.579765851238114 0.0726768915349858 0.0101874547451494 0.134909361064703 0.0592095411915944
"mb53" 0.991657791977281 0.0363829376202469 0.958301185821184 0.238212850074456 0.11842102814525
"mb54" 0.740935742491325 0.0305894415259213 0.726168517500112 0.193196093074728 0.0908384144891027
"mb55" 0.89206061761342 0.0407125204327657 0.791557287303282 0.256599933081637 0.125978675742347
"mb56" 0.673982661093209 0.049459063257725 0.354120219724004 0.183488761035469 0.115066022224752
"mb57" 0.849478650899983 0.032506364986605 0.863065578426793 0.214638553266227 0.105090961024352
"mb58" 0.89013990034496 0.0390542718699518 0.81240669439269 0.251407671544812 0.121268248301179
"mb59" 0.750178560496296 0.0451391526919542 0.531527690935884 0.207840901130554 0.122170590226602
"mb60" 0.677298172234787 0.0703770431982478 0.156401720604411 0.180271741304947 0.118554554914112
"mb61" 0.803137087176436 0.0621278885351693 0.453624509106123 0.23557198308535 0.158480122503602
"mb62" 0.694438584100019 0.0652270468028623 0.249902408172136 0.186341631394598 0.119594235173823
"mb63" 0.751561233374366 0.0565968363304426 0.490263931743015 0.190555716776828 0.132257489303512
"mb64" 0.88063387528298 0.0375510831456808 0.829723426070227 0.242592941676506 0.119327300857038
"mb65" 0.823850730124392 0.0379171222755061 0.715634541383267 0.235798526640637 0.108530939135709
"mb66" 0.911372318542462 0.0320710895683762 0.895908206476187 0.210194145934928 0.103009506824771
"mb67" 0.601047254637384 0.0673547462581819 0.0610844420630827 0.153376370557199 0.0659545535577557
"mb68" 0.707469933453284 0.0675247614096971 0.207707040652258 0.197194414787167 0.123669742900123
"mb69" 0.67955810753229 0.0659881535529629 0.208666640240922 0.178727118368278 0.116471248097564
"mb70" 0.758333494741327 0.0445388552935297 0.523026971720787 0.204451381473025 0.114738757099301
"mb71" 0.711014346254034 0.0543262919769744 0.353987992352746 0.201247009797283 0.12649585372707
"mb72" 0.823411594525426 0.0328013707910472 0.789477346844526 0.212998732058723 0.102547566418807
"mb73" 0.764404480835887 0.0359307340259927 0.687361610053605 0.227478057682952 0.106851024034802
"mb74" 0.734465256797583 0.0649256002976378 0.268368689199285 0.212298033542366 0.129018827585294
"mb75" 0.616440704232628 0.0642382615074733 0.10329097349341 0.156637103422918 0.0729689451463812
"mb76" 0.605314550475693 0.0660270062123758 0.0729024972553228 0.145591221178571 0.0849559590345629
"mb77" 0.82722064571398 0.0380699825858371 0.731170502317449 0.243021815841737 0.116375537593388
"mb78" 0.668508482855535 0.0659396127790161 0.18740014091416 0.172538953768865 0.103699478321871
"mb79" 0.644413617548629 0.0654656558706253 0.0930924082380141 0.162713456326479 0.0872236680686371
"mb80" 0.576496685338665 0.070721468057548 0.010071866182097 0.136486381286511 0.0649061217044192
"mb81" 0.68293926683521 0.0549220578651826 0.331169565883096 0.177087444633079 0.117569183060966
"mb82" 0.639838169229704 0.0676920071378214 0.145775884431224 0.161010970591672 0.0983862970205653
"mb83" 0.637735646382727 0.0309246234600685 0.624967463377471 0.189491040204653 0.0894294770061663
"mb84" 0.551314836047884 0.0628789312473996 0.0104579313089435 0.126167685802078 0.0541798429842978
"mb85" 0.678063797733674 0.0294077305067351 0.66317342651854 0.182912236420159 0.0824028791297035
"mb86" 0.646088742833731 0.0657263645103946 0.157731641899555 0.16293228201053 0.0984846607673539
"mb87" 0.617787874231803 0.0640227130595262 0.0827240094646357 0.149973337372358 0.0747412781010303
"mb88" 0.750713617358964 0.0492276368566083 0.553411447873069 0.191636403225527 0.127245747619888
"mb89" 0.843721045154117 0.0330512132159628 0.768264825029957 0.209663425898653 0.10014057233627
"mb90" 0.670801121400051 0.0251908824573668 0.64257254312753 0.157086737112082 0.0724189569370157
"mb91" 0.798986417169354 0.0526677306745303 0.616291206455951 0.212575307936527 0.151636041036881
"mb92" 0.7722528363047 0.0411534542230371 0.669503304976303 0.198156841670332 0.119436867059963
"mb93" 0.670070959155386 0.0523300415400799 0.31308706370711 0.169618546800609 0.104825120313622
"mb94" 0.564009747996039 0.0620331460572909 0.0209252194683549 0.132809260559596 0.0543730208583067
"mb95" 0.680201883790929 0.0484822100421481 0.36760545874746 0.180672822582287 0.109066339161321
"mb96" 0.751250642853803 0.0398622065864529 0.612649223371415 0.187053842058054 0.109452149686266
"mb97" 0.672896364830833 0.0661049049769501 0.116171844112578 0.176874573000177 0.0979349768885133
"mb98" 0.650323920648071 0.0661704261825021 0.168271441708698 0.164771238041248 0.0971821203027437
"mb99" 0.58027006574652 0.0636929804876744 0.061835956108017 0.140582689724659 0.056416444100218
"mb100" 0.564183483854934 0.0638073976749678 0.0404917494127018 0.133893225207147 0.0544495816616378
"mb101" 0.744504730105732 0.0298467540455083 0.729112949760922 0.186099411185054 0.0864927080605365
"mb102" 0.643595147001657 0.0516312389241796 0.26972506089314 0.164415191843432 0.102569791405569
"mb103" 0.653591659141286 0.0683372224055907 0.104195559703705 0.163377135091428 0.0972083182314088
"mb104" 0.723958722799671 0.0446689170721997 0.489543709947562 0.20249109005603 0.121048927363052
"mb105" 0.757509383028854 0.0480293410214724 0.58471160748346 0.188301147368889 0.121537049524312
"mb106" 0.745079752253868 0.0382989610849973 0.63527109328766 0.178460822766106 0.1115593908461
"mb107" 0.556608376009955 0.0625797628346833 0.0409973365953713 0.128279189963527 0.0534934010869867
"mb108" 0.647596394591888 0.0391179438763051 0.439140516335088 0.150289870263485 0.0962351425264239
"mb109" 0.766566470829348 0.0281518471964441 0.791609812831783 0.179371029040051 0.0857824545649824
"mb110" 0.570112108110457 0.0681164447922617 0.0100397680156008 0.131512701808385 0.054726797596396
"mb111" 0.679160012232832 0.0481280112919267 0.36760545874746 0.178613772376308 0.109830591143423
"mb112" 0.575357431170928 0.0634622136195316 0.0211400004218707 0.140744818802449 0.0545698142856882
"mb113" 0.544434458582323 0.0667902737949844 0.0102468569121299 0.123657762124637 0.0536340288807478
"ufb1" 0.596356955303575 0.0556104657132067 0.13548319694784 0.147940483931172 0.0831325239405084
"ufb2" 0.596157653251351 0.0580099875407668 0.0947596429889877 0.146391691029587 0.0710535852315424
"ufb3" 0.762259010896899 0.0573326209776265 0.480042651235165 0.201836653929237 0.139368222579785
"ufb4" 0.556881470612909 0.0676718300046906 0.0102196757846199 0.126705088826801 0.0522959136605428
"ufb5" 0.545666487729862 0.0656571919171524 0.0103395458259611 0.120550718663962 0.0475420131962721
"ufb6" 0.701011564571091 0.034848634069172 0.589368383018021 0.159378057631075 0.0893649938442282
"ufb7" 0.603249386793598 0.0336297351047877 0.428715924427677 0.147879658176191 0.0785874084410936
"ufb8" 0.601488503478059 0.0632412124335719 0.0729228156760199 0.142980829522064 0.0763334105443873
"ufb9" 0.696641545328163 0.0276194443378598 0.729009066035057 0.170744484448113 0.0794384054090291
"ufb10" 0.624086064425502 0.0585099532674376 0.175490894401694 0.158136383159915 0.0969219481567163
"ufb11" 0.812152655970163 0.0510485448781761 0.505257154467074 0.229321275465555 0.137124572375692
"ufb12" 0.575908994410463 0.0636264213892121 0.0624233872416876 0.135106875386816 0.0737876452280897
"ufb13" 0.590263553188584 0.0267608429992914 0.620932549407815 0.162404763598459 0.0732140409257199
"ufb14" 0.727181128496918 0.0317525145825112 0.656294099540084 0.195785890848813 0.0889562073181876
"ufb15" 0.591513765397201 0.0668372492400975 0.0624493907412806 0.13815199841749 0.0796535024032478
"ufb16" 0.571670156430546 0.0723891561794594 0.0102196757846199 0.134022448105021 0.0488581894012054
"ufb17" 0.750632337951603 0.0476188014537703 0.447839912988167 0.210920857771209 0.127360444607597
"ufb18" 0.681279451663573 0.0262584903717351 0.729215666155649 0.164153348910896 0.0755848446404367
"ufb19" 0.666570533156448 0.0423071132690027 0.395710166788923 0.189121069614143 0.105890400011483
"ufb20" 0.598839419324727 0.0601274412975537 0.0937470194369212 0.143086738440305 0.0819228478088123
"ufb21" 0.551664691118506 0.0674988469975727 0.0103395458259611 0.127906138158163 0.0570547193337661
"ufb22" 0.55697719335588 0.0656298830317758 0.0204127869993237 0.125639920998672 0.0690333436619546
"ufb23" 0.643437666879124 0.0623140810843141 0.135899399705862 0.166157582895933 0.0781271464379749
"ufb24" 0.570242674919735 0.0685153154399416 0.0103170637408324 0.132872466959373 0.0594376224164384
"ufb25" 0.55765339121077 0.0676038229873212 0.0102696191008811 0.125131579013548 0.0513535610710776
"ufb26" 0.597757350544364 0.0291618874228765 0.572845112985088 0.171806408103305 0.0773169018046895
"ufb27" 0.636612223782426 0.0338277796857747 0.515743495398114 0.152462297180538 0.0889184142560325
"ufb28" 0.554668015582381 0.0682719924214519 0.0102196757846199 0.126052926792296 0.0498206900323756
"ufb29" 0.700838181261482 0.042655218941334 0.447839912988167 0.191952012914915 0.111735795842782
"ufb30" 0.634468694236916 0.0516549293629532 0.249835824540146 0.166089999709792 0.0998298698477557
"ufb31" 0.627410712618785 0.0552046603616601 0.199889033294578 0.159345097347866 0.092201735513495
"ufb32" 0.574622398005751 0.0500914643396287 0.155018421530512 0.137854992863419 0.0744767525357117
"ufb33" 0.592677952954902 0.0649676186049419 0.0526538907438966 0.140175270476851 0.0808234872606008
"ufb34" 0.678733324280107 0.0569825458952559 0.249909928729921 0.181378737763581 0.106809887101953
"ufb35" 0.570092931230889 0.064655054618341 0.0516483502975535 0.13368162588874 0.0705276859799971
"ufb36" 0.592586687200148 0.0677492909999109 0.0415337167953936 0.135341340367031 0.0765902477618189
"ufb37" 0.568150539933711 0.0703578130530865 0.0103097217491551 0.131315120898927 0.0520501366304953
"ufb38" 0.561597125074942 0.059630034430571 0.0721548674033613 0.130732950047783 0.0550999812823011
"ufb39" 0.496088573260532 0.0558084903222943 0.0102710635373372 0.10064625427953 0.0380894945488459
"ufb40" 0.608198070162316 0.0261885589885268 0.65258755386362 0.159382291811377 0.0710990519892964
"ufb41" 0.580546572213956 0.0676531547029917 0.0309354530473847 0.129168356675731 0.0664045239796676
"ufb42" 0.605151872091451 0.0519224492552919 0.176978250501796 0.147213462035068 0.0891066444967607
"ufb43" 0.57698860884282 0.0628101134398386 0.0620214261924876 0.133715656044607 0.0743233110376332
"ufb44" 0.580572289156627 0.0617688060000346 0.0632080726416695 0.135315792768245 0.0719534214465636
"ufb45" 0.576313742419738 0.0601244858815664 0.0609418745717459 0.140364882280883 0.0582460350711131
"ufb46" 0.564705715138508 0.0622793007864588 0.0526364605740551 0.131029144121701 0.0707226758726933
"ufb47" 0.551971828933274 0.0695138891072929 0.0205392382017623 0.128416491910289 0.0473913370369588
"ufb48" 0.608557117757637 0.0536399743496471 0.238677534111266 0.143864620939937 0.0876478612082149
"ufb49" 0.529603250192094 0.0627358502374686 0.0207499762676987 0.121819824604871 0.0656904065473725
"ufb50" 0.652987930526935 0.0391017827010609 0.489603027476154 0.180230239210605 0.108432457792969
"ufb51" 0.603159527653782 0.0593558903358941 0.105318994960023 0.151203303555519 0.0787446571523905
"ufb52" 0.609736808594771 0.0495806148360974 0.178763448637843 0.155224155332255 0.0840350097864715
"ufb53" 0.568757247777348 0.0403033041608925 0.280193794345191 0.125349446529616 0.0821214509367117
"ufb54" 0.64256866179727 0.0525522352777038 0.229053935414226 0.166276030631388 0.0940425476250911
"ufb55" 0.605064089521872 0.063915438769724 0.0619410776565245 0.142427790256543 0.0781760799659436
"ufb56" 0.575473504219708 0.0646667142946162 0.0420829090802871 0.134912824059481 0.074985309208312
"ufb57" 0.636969172317607 0.0367530671738037 0.46880394950687 0.164525469462696 0.0961365035408906
"ufb58" 0.651346892544076 0.0436623618048393 0.401070292547057 0.161579062121072 0.101429718580093
"ufb59" 0.61980884073607 0.0476001125509392 0.281658279214536 0.15603663824205 0.0975831443211626
"ufb60" 0.628227611152552 0.0625652537871395 0.0844735392755113 0.155932508380019 0.0723807451002982
"ufb61" 0.752463512131635 0.0378736281014029 0.644006124348203 0.178356559513283 0.10329385326627
"ufb62" 0.630125322483608 0.0532416627349493 0.227024301765825 0.157216981731588 0.0935771455380059
"ufb63" 0.742593426384512 0.0568522820509041 0.438249349842743 0.196361676322631 0.141127690931739
"ufb64" 0.727155779438847 0.0615312185989922 0.333671125114123 0.192308354018412 0.132220902250725
"ufb65" 0.729477749624855 0.0617552016520735 0.27032403744602 0.200691439799213 0.118467007651758
"ufb66" 0.601067345589855 0.0323381256962244 0.481138408729249 0.145723178425177 0.0756567176105237
"ufb67" 0.581535433070866 0.0366348147236809 0.358690932350074 0.133163812836124 0.0810018740832568
"ufb68" 0.632256144778731 0.0601810046157075 0.103440004147458 0.159356396102043 0.0867831083977147
"ufb69" 0.562666178413922 0.0682080775885821 0.0101691620824937 0.125302738868611 0.0504961939135034
"ufb70" 0.605318023086484 0.0599263860686201 0.115776386828336 0.151487385069611 0.0849758759658274
"ufb71" 0.567888142160964 0.0624944983090984 0.041424675883321 0.138616936219102 0.0491578878326003
"ufb72" 0.76295405982906 0.0481001859705415 0.482466844679469 0.215629605117988 0.12813198300549
"ufb73" 0.60557372924006 0.0383845268942328 0.404290310963901 0.139766931151701 0.0843910385904737
"ufb74" 0.559159519441816 0.0697820414182602 0.0204937138242598 0.129950444058489 0.0492625683643591
"ufb75" 0.616643689685424 0.0577525775110328 0.13556263411979 0.152056275724216 0.0774206511955362
"ufb76" 0.552666521436944 0.0626672460681177 0.0409973365953713 0.129227484494199 0.0553048029874116
"ufb77" 0.600094164659095 0.0614743554030858 0.0920809202298554 0.148787304378357 0.0809400049384235
"ufb78" 0.677488941668664 0.0462929199101318 0.354962794719051 0.171579393622149 0.0957031207036486
"ufb79" 0.616592903089152 0.0433233528933294 0.340876918226769 0.159031686375439 0.0972874366668681
"ufb80" 0.720433720904183 0.0407426075396707 0.524035077625359 0.184309171094495 0.111511062761246
"ufb81" 0.639701450697316 0.066882945835951 0.0948252578048484 0.159000709796621 0.0946061976949378
"ufb82" 0.538190439388349 0.0573970015865945 0.0618105542302935 0.117671777517852 0.0514879628808223
"ufb83" 0.600823300896648 0.061636483021803 0.0841990088766351 0.144827954979993 0.0761380895034724
"ufb84" 0.637966829177261 0.0362426278007721 0.458173980668978 0.163956448241433 0.0927403948224243
"ufb85" 0.830764799078208 0.0420668626487855 0.736921987880358 0.20616909839959 0.130578500963815
"ufb86" 0.659905788077319 0.0633663854815028 0.199812760024625 0.168556535753272 0.100126034129762
"ufb87" 0.554147398843931 0.0638439034311776 0.0203642850424754 0.123831737639253 0.0656706804475887
"ufb88" 0.582278141486835 0.0590462688687945 0.0938724935554358 0.137140049747038 0.0524222390048859
"ufb89" 0.606285771663822 0.048780339175373 0.230770953841332 0.15340799188848 0.0899067692699701
"ufb90" 0.680610170141753 0.0589337306533925 0.295109680244698 0.174764770806135 0.116000985467554
"ufb91" 0.617674687477419 0.0329952093202195 0.508152149041439 0.151882684230127 0.084990605183737
"ufb92" 0.66297796660409 0.0334881583990189 0.589428321911043 0.156381615282141 0.0856222393507512
"ufb93" 0.571598668840193 0.0679179268850755 0.0103261830277225 0.131805604800058 0.0591099478408903
"ufb94" 0.80263271845501 0.0497976320164035 0.537477741537052 0.229071863448214 0.140113054833206
"ufb95" 0.732051738459713 0.0369436320317882 0.569777389664185 0.216604080889541 0.0987542665956243
"ufb96" 0.722531793232026 0.0526357493861418 0.426978621826466 0.195758481965957 0.124772648238789
"ufb97" 0.684509883883153 0.0405207196379175 0.465576523603685 0.180925382346812 0.102079241567977
"ufb98" 0.554589358873484 0.0357794682322681 0.361904179972027 0.129455612311239 0.0817628447652921
"ufb99" 0.564249172170157 0.068388033639159 0 0.127429259318395 0.0502084708063434
"ufb100" 0.601769683874785 0.0334144440012781 0.447449347755736 0.147953283215565 0.0757042699351844
"ufb101" 0.609803598804497 0.0656127877033278 0.0949697582771372 0.155970661143416 0.0677673050604961
"ufb102" 0.615719167443305 0.044111604519017 0.30089156780619 0.164204385580073 0.095642636786626
"ufb103" 0.581970554926387 0.0362136818029264 0.356364882161768 0.156487417353939 0.0861819681128897
"ufb104" 0.584736944000774 0.0408553300334123 0.285860734372885 0.148027640299574 0.0896423788724936
"ufb105" 0.592120061542337 0.0644499444188055 0.0728355511328713 0.136589788337655 0.0719639336076017
"ufb106" 0.676593918182719 0.0465687467282715 0.358689373151487 0.17243273052875 0.09649066980514
"ufb107" 0.778197819781978 0.0413161465860167 0.642105517290959 0.200019588535413 0.125953938862863
"ufb108" 0.520188476295382 0.0597946893817243 0.0207199222448119 0.112071564962281 0.0407132753036812
"ufb109" 0.596140038079257 0.0637752328081205 0.0609418745717459 0.15022612587545 0.0650601131698123
"ufb110" 0.542532214486127 0.0601838724640323 0.020494327581995 0.125399269748028 0.0415405738156792
"ufb111" 0.507781322331482 0.0550195634143508 0.0203557168372149 0.106489998008033 0.0357176080520971
"ufb112" 0.599355702400528 0.0632267959132797 0.0736344473134388 0.141924677135247 0.0774687817665208
"ufb113" 0.737333100110781 0.0328073801192048 0.663068453875194 0.201824259887979 0.0922539761321273
"ufb114" 0.606808592290781 0.0636448114585592 0.0946283716027665 0.14571515063171 0.0818677994214035
"ufb115" 0.678722177498314 0.0541809771079335 0.35455395984529 0.163445740357341 0.100400403563574
"ufb116" 0.550818168241845 0.0680293148827332 0.0207291824352604 0.125385716496394 0.0425781437500711
"ufb117" 0.680568489059861 0.0579315554208442 0.209565958892167 0.185729429057723 0.0936677926927189
"ufb118" 0.621468555729543 0.0576565102960238 0.13745264906103 0.161796942229233 0.0813977452009601
"ufb119" 0.543142603045192 0.0646359467252382 0.0312265438784403 0.122441215833856 0.0597341127359623
"ufb120" 0.621033916849015 0.0341615070260162 0.479237759861485 0.157376797257075 0.0838758827915551
"ufb121" 0.612851775170616 0.0443804726610239 0.279720114409405 0.140269853048046 0.0865504031474944
"ufb122" 0.582640356761637 0.064695723072363 0.0307963513877017 0.133005444822337 0.0679006263208548
"ufb123" 0.576217023277224 0.0687049017329961 0.0205462217812033 0.129602513861568 0.0602982968380028
"ufb124" 0.753623730292266 0.0468944963309388 0.557644407805821 0.180934202815494 0.119873608493923
"ufb125" 0.552073495170654 0.0691271890647971 0.0102462482627797 0.128256646839498 0.0448257999516843
"ufb126" 0.562669924393868 0.070781830240277 0.0103392374677487 0.131685464976673 0.0488724503673009
"ufb127" 0.604792668484635 0.0591499083039013 0.155916943035235 0.153776150605803 0.0849526178238709
"ufb128" 0.652657680569685 0.0323679851742195 0.595783254697015 0.199594724402013 0.0921981658759907
"ufb129" 0.572365752999833 0.0318057426720879 0.45814045632287 0.144512750461547 0.0744369925449372
"ufb130" 0.577099245891177 0.059573587903189 0.0619832380645584 0.134449586692702 0.0620823292167675
"ufb131" 0.603040245194335 0.0522742890534078 0.210187951427796 0.152551910389946 0.0950172771677048
"ufb132" 0.584580552474131 0.0632142837695733 0.0728602404625103 0.139100637730415 0.0789009991711888
"ufb133" 0.607356192617575 0.0558637162513962 0.185543039848179 0.152901973167331 0.0865914623694468
"ufb134" 0.709727974177887 0.0592521598314634 0.302049912019156 0.189924313664648 0.123093423194756
"ufb135" 0.623921348614785 0.0498217495107347 0.208051439697075 0.158493630371455 0.0837186279499005
"ufb136" 0.571275058361433 0.0627823713677357 0.0207847055191375 0.128152330296231 0.0643428349528379
"ufb137" 0.668687533896335 0.0434173323315025 0.423811342823225 0.199611391571671 0.114108623742825
"ufb138" 0.51760773250154 0.044651093256089 0.124831660057444 0.124100992330064 0.0604629932565033
"ufb139" 0.623103284388523 0.0541320083794719 0.206073703411325 0.158969399192 0.0897108772885581
"ufb140" 0.62258883248731 0.0412908928587046 0.310520250487602 0.148865175549733 0.0879258665352157
"ufb141" 0.688539639408071 0.0434120151652711 0.426869379451284 0.196815131751396 0.110746850052721
"ufb142" 0.682659966770677 0.0375951004555318 0.518565050055526 0.173225413584583 0.105369847878403
"ufb143" 0.628263337116913 0.0309901287667067 0.574410062542481 0.184810777724868 0.0846938330350135
