"quartet" "cluster" "phylo" "mutual" "shared"
"mb49" 0.859492957746479 0.0344202717387912 0.810472551336033 0.221816835526819 0.106964146267165
"mb50" 0.848584147397057 0.0348559466692311 0.797713070100276 0.222662250080268 0.107884547425431
"mb51" 0.766887005710245 0.0548891271218506 0.420539792204418 0.207215638040136 0.137779717293459
"mb52" 0.718461258166107 0.0731273740024637 0.199350773297463 0.190957536268218 0.125336694762139
"mb53" 0.728298877369487 0.0319193306407743 0.71570882700405 0.202130544192892 0.0974877079249761
"mb54" 0.683596307081104 0.0516282899314618 0.387846907338011 0.171362979734281 0.115502565911195
"mb55" 0.708605694066133 0.071845175738212 0.220292894357011 0.188880437402657 0.125546328570445
"mb56" 0.628017370700946 0.0852936134376806 0 0.153459663293013 0.0643920783332924
"mb57" 0.659134867022147 0.0878418257094288 0 0.169225300414361 0.0784873513651118
"mb58" 0.933180641306513 0.0405169366198039 0.905184373742881 0.266583526506159 0.134461107334933
"mb59" 0.768529065389887 0.0598519262201386 0.357082163309689 0.218756774959668 0.140414367060747
"mb60" 0.739700193423598 0.0562682591405621 0.434047801792298 0.220611114139895 0.136354344458727
"mb61" 0.749209694415174 0.0463004806831682 0.466305219109867 0.211001000961122 0.125322477743073
"mb62" 0.722662533135643 0.0692916806559861 0.176657809548829 0.200264817791952 0.123790437291734
"mb63" 0.836624878355945 0.0357726792433756 0.757797203415412 0.227478581079348 0.111477551946311
"mb64" 0.855653027421631 0.0345295075955767 0.820955718995022 0.222300391778183 0.109168003107721
"mb65" 0.825826457139854 0.0413656073763706 0.655870241090371 0.253551420250311 0.122741537661207
"mb66" 0.723134282166953 0.069456242723632 0.220436704114308 0.190680785879685 0.129362653556735
"mb67" 0.644770074118719 0.0754309233386726 0.0737234072729515 0.158337092156701 0.0766761564267767
"mb68" 0.810714285714286 0.0282749971106015 0.884218038424904 0.188351274462165 0.0925605148703488
"mb69" 0.66964343005722 0.0731109560381641 0.0730834083642607 0.182976520591906 0.108598178623763
"mb70" 0.82877640094316 0.0404838865151535 0.71737033658618 0.258536624428196 0.127869650260953
"mb71" 0.777083145255936 0.041610184025912 0.608574344284198 0.195276698124657 0.11621374577251
"mb72" 0.725438669195403 0.0638794672830257 0.283458134289174 0.190196740554678 0.125741934179669
"mb73" 1 0.0358312767442976 1 0.243118305682904 0.122211700528808
"mb74" 0.731643323404525 0.0640318274397993 0.211484254179143 0.2030727232449 0.124382112098517
"mb75" 0.853287427809862 0.0383249178865698 0.731156575427782 0.245270131799622 0.117067906057228
"mb76" 0.657934378512087 0.0731144546087839 0.0835497744551319 0.161289775980373 0.0875532099361383
"mb77" 0.852094440213252 0.0382170112057087 0.774078698904278 0.248829659175096 0.120759065921034
"mb78" 0.666823370262614 0.0744518476393319 0.116057887695932 0.172721870871463 0.0891953376689138
"mb79" 0.79460161355557 0.0456856479651508 0.578784103575894 0.214101275251396 0.12269912950954
"mb80" 0.847364280094414 0.0378114286698662 0.768384174924672 0.243302693090527 0.115663707548837
"mb81" 0.770834645669291 0.0310730987176544 0.744584571067091 0.197166862309696 0.0949965017482621
"mb82" 0.733570951214079 0.0347770799442593 0.652706017199848 0.219719960054822 0.102252152193738
"mb83" 0.706402551062745 0.0467131818439209 0.450788586102215 0.177704915988346 0.115092429986906
"mb84" 0.647132687528336 0.0717605366302418 0.0414302555975946 0.171769057746226 0.0919334547692744
"mb85" 0.81116425500999 0.0296264836963961 0.831490788579146 0.1944048229685 0.0954814962927104
"mb86" 0.665208654817545 0.0659289642462775 0.147750727618382 0.170196180734868 0.0905188273186215
"mb87" 0.60513058175672 0.0794796219451651 0 0.144054872435786 0.0604409041203284
"mb88" 0.714610370630188 0.067359968054513 0.251884361409544 0.185802360421582 0.121991484218351
"mb89" 0.684030805250927 0.0699203156455167 0.0945460041658475 0.184947782765319 0.112925516822026
"mb90" 0.705642691283103 0.0551893352483738 0.313484918837536 0.180295761327705 0.123392985022706
"mb91" 0.678910971487977 0.0698478174408979 0.146644493429561 0.171573379345153 0.094553621962959
"mb92" 0.727337362246712 0.0382861099550646 0.568186352463305 0.179100496522256 0.100674454604056
"mb93" 0.602312544319059 0.0703293806792461 0.0105700909533481 0.140055420193346 0.0607564796767884
"mb94" 0.616375358469488 0.0718087992533986 0.0214550169855976 0.145239315439801 0.0595741954135079
"mb95" 0.775433718188962 0.0336872724096784 0.698859954242912 0.214436319217009 0.0979996543712064
"mb96" 0.713572023313905 0.0235863472125066 0.634880216979275 0.149537545856608 0.0701478476374114
"mb97" 0.705178131479889 0.0567482826286082 0.379479308870195 0.190331082479329 0.125863587465758
"mb98" 0.821499404998017 0.0293491944897343 0.821059522845294 0.189740978189958 0.0921135154259974
"mb99" 0.793201227279272 0.0509135129284225 0.578763852143153 0.201995929626986 0.135763633500908
"mb100" 0.691325989507473 0.0558739431276947 0.273206094656843 0.181792740235491 0.120919131241804
"mb101" 0.702273430514305 0.0732884263006346 0.136086472614383 0.180096996996849 0.10865579222482
"mb102" 0.59275206645012 0.0759156555871511 0.0103441290320718 0.137887517597801 0.0513386533384344
"mb103" 0.63347596261988 0.0765728129811568 0.042252603357616 0.152433107001416 0.0800018649436652
"mb104" 0.636795876996666 0.0728088930184929 0.0730974139836069 0.151253761974721 0.0721783456824086
"mb105" 0.640243212344978 0.0721759069753722 0.0638269312653171 0.153474518471808 0.0809308521625021
"mb106" 0.698816906899955 0.0451336197265269 0.482489321688054 0.170286283857086 0.109766554938436
"mb107" 0.63389850773036 0.0733344105536246 0.0422615163440386 0.151829394022104 0.0820386180657819
"mb108" 0.587564328699866 0.0735295753446389 0.0105750467472996 0.133971261129018 0.0473985380657704
"mb109" 0.665365657125231 0.0720448187229902 0.115151646130792 0.16778766576011 0.0966629064430745
"mb110" 0.620430612599815 0.0713367367509221 0.0323619307872178 0.146726182869006 0.0606342298795842
"mb111" 0.76591583979141 0.0478188064604895 0.584330377902055 0.231524996654633 0.139687837283523
