"quartet" "cluster" "phylo" "mutual" "shared"
"mb49" 0.872513914985642 0.0546410338459581 0.665019658040718 0.263205227311321 0.160578535306325
"mb50" 0.739331284940042 0.0533667253556044 0.405777058825656 0.201958540643973 0.135640308438369
"mb51" 0.902450152849386 0.0431814959790401 0.810450163415181 0.278704898251484 0.138129355756381
"mb52" 0.674597209546477 0.0949977290087501 0.0416789406646125 0.186393893452612 0.0884482227187565
"mb53" 0.978125923736329 0.0383345927468417 0.968727495465348 0.258514861477592 0.130350975331036
"mb54" 0.727974273499444 0.0672959713749874 0.260062050039063 0.200631444671987 0.132091515737264
"mb55" 0.914398439577977 0.045537562753352 0.821139274418397 0.29834866816435 0.147182391804121
"mb56" 0.934489785774641 0.0393328029073359 0.895758318217826 0.26167316593386 0.129418263815821
"mb57" 0.927432746595815 0.038200544304258 0.864485813683173 0.247655833214101 0.123457319954924
"mb58" 0.7184791809424 0.0591669664123412 0.310431831430162 0.222319259837248 0.142026422075739
"mb59" 0.711640709757825 0.0713565016766701 0.206915769439773 0.210047336639618 0.121163709053128
"mb60" 0.769755338876593 0.0347762042203763 0.659517155484683 0.217202318902707 0.100690003219179
"mb61" 0.861514553822246 0.032739151909693 0.833264664708356 0.214580631241845 0.104312030806574
"mb62" 0.770241092723371 0.0659203778435689 0.394476290187779 0.224961162585233 0.151357150812081
"mb63" 0.766976800056785 0.0859358351778348 0.260173991522549 0.230958028652085 0.160096022378436
"mb64" 0.864926239297549 0.0581636813075598 0.606889842753268 0.278410207629533 0.169613559649014
"mb65" 0.840842569934264 0.0422452309535891 0.715597404355325 0.267770191453519 0.130044606908163
"mb66" 0.800775581091048 0.0546745145115998 0.490712303052714 0.207457810043851 0.137688527918452
"mb67" 0.85620359349317 0.0370051984774076 0.760346843020668 0.238777103482126 0.112363260440428
"mb68" 0.807459305694569 0.0383011295231496 0.718598814747964 0.243381945245478 0.118528588458512
"mb69" 0.644280560971245 0.0752909691369099 0.0819556917186606 0.160435599113088 0.076245014873914
"mb70" 0.698766432876326 0.0727341197766922 0.165373286909912 0.198389888959799 0.103853690994362
"mb71" 0.787820830442969 0.0601743069305527 0.467058459198854 0.237734304042466 0.153132172591633
"mb72" 0.62546048304624 0.0716589176958925 0.0621946370001355 0.152879990889083 0.0782873191448385
"mb73" 0.671452443575988 0.0664540415327197 0.134911335608439 0.169810287106052 0.090906979097641
"mb74" 0.770417333789177 0.0814663416129731 0.322924540585642 0.234597642249389 0.173617785787978
"mb75" 0.788001103116304 0.0686058621463992 0.42777856929377 0.237411847807728 0.163269156966489
"mb76" 0.860562103354488 0.0253891912518944 0.854061645504956 0.165822257274052 0.0774780282163677
"mb77" 0.701102889850621 0.0283817770817197 0.739498506664233 0.182000792105847 0.0872325233944787
"mb78" 0.680629155935804 0.0722782780794534 0.155090336441773 0.185855815381321 0.100668195563123
"mb79" 0.638764016412534 0.0895616726765382 0 0.161335977213068 0.0693498074993473
"mb80" 0.833887893524443 0.0364599434907507 0.770822366758721 0.237596167381671 0.113567126196347
"mb81" 0.752375296912114 0.0301441223530715 0.680754722895734 0.188064021080731 0.083256159773916
"mb82" 0.64843709882113 0.0524025138499562 0.249672952241534 0.168160109033311 0.102236576483012
"mb83" 0.624905800652214 0.0728091786748635 0.0621688318333946 0.152175967042118 0.0756022445395623
"mb84" 0.620707630555338 0.0728128554823754 0 0.146406267025035 0.0730047059540189
"mb85" 0.604341097898681 0.0558848103950942 0.124639484356492 0.144902700226803 0.0882380737674398
"mb86" 0.779937160573462 0.0448199938106724 0.551770088105713 0.208604976561871 0.116559156007088
"mb87" 0.649247950824776 0.0659414486218558 0.103532175198723 0.161096706240076 0.0822523858203098
"mb88" 0.66330211765756 0.0723755142762322 0.0957233432525375 0.172405945754202 0.0911727872204195
"mb89" 0.684915773353752 0.0274074711785206 0.697853189511198 0.174478344507214 0.0780427937483917
"mb90" 0.614632501685772 0.0828493156649411 0 0.149796643051434 0.0648778090549862
"mb91" 0.7164600882335 0.0591736353993147 0.283261659076351 0.191186715689597 0.12551359776429
"mb92" 0.934680689305626 0.0319122053409259 0.904194950748481 0.209445696575532 0.102835164327106
"mb93" 0.813987613560346 0.0463901978383336 0.578764419247124 0.214570862338388 0.125079670414822
"mb94" 0.844058944226823 0.0454664714188963 0.641847872595953 0.215893118976074 0.127516341428599
"mb95" 0.786539250747494 0.0335795160431567 0.736819944826862 0.214113712108527 0.103749085356198
"mb96" 0.606425527537307 0.0722487354610881 0.0612513125652724 0.145740542518099 0.0746133187798396
"mb97" 0.792479442722676 0.0610921307530273 0.458902401920165 0.242549784254944 0.146037968444534
"mb98" 0.645260753057579 0.0729298810558239 0.0959257433253256 0.165597400375556 0.0749323247168056
"mb99" 0.794168619650629 0.0602680352589739 0.448225529925801 0.236655663528243 0.143980561632528
"mb100" 0.670834833724763 0.0923722342804271 0.0416964308854927 0.183834452715214 0.0860947042856943
"mb101" 0.733565907380806 0.0316513782743791 0.694650539027716 0.199468634537147 0.0917332435119952
"mb102" 0.614127530407644 0.0527798450445062 0.15579247782913 0.149549091860398 0.0873444984885569
"mb103" 0.611628660859953 0.0532661764217932 0.166377486907047 0.153675709118858 0.0911786562603214
"mb104" 0.675129362545415 0.041417926180529 0.437328704961764 0.187447085554142 0.105768981835784
"mb105" 0.726089505836151 0.059092144083984 0.325646831797814 0.197030410164465 0.12908000281422
"mb106" 0.641237561850905 0.0332941011948623 0.526775747928034 0.155319003240743 0.0858825089036193
