"quartet" "cluster" "phylo" "mutual" "shared" "clusterNorm"
"mb49" 0.977806658002599 0.246544840975292 0.9687323492663 0.244766408217746 0.12241118934368 0.104909891750067
"mb50" 0.825584382224505 0.248382278328253 0.749961489308291 0.232299001331245 0.112138082449648 0.10709273167022
"mb51" 0.723243221879693 0.221486459799829 0.531359340600935 0.202788667404542 0.113991053638881 0.106393334562451
"mb52" 0.747299475644328 0.232039433582213 0.28117892902654 0.195280705371643 0.126421731559781 0.157881540376035
"mb53" 0.933990092948183 0.258763687518433 0.831543446622129 0.244247059054797 0.118282939806392 0.118892859177612
"mb54" 0.851870129336048 0.248189390993761 0.675609520894752 0.224466856532434 0.135038970488756 0.136754905577686
"mb55" 0.850771418040124 0.253705228300359 0.810479891736631 0.245749863222613 0.119102062455809 0.112918995119853
"mb56" 0.630118250135529 0.200971795773368 0.0313783208401206 0.161349400697235 0.080169410324751 0.146808536658849
"mb57" 0.634663848100717 0.201844379519457 0 0.157296700835155 0.0768722547551707 0.160450197481315
"mb58" 0.708779543510557 0.212967825884192 0.104182564575075 0.174994204215072 0.0812732012017158 0.159694242321183
"mb59" 0.777989835079349 0.243113953367135 0.5604398107589 0.218519924792013 0.131347450953102 0.130957532463325
"mb60" 0.708324007569129 0.215273289965834 0.166651606424175 0.176501931005965 0.100167500155661 0.15145918960701
"mb61" 0.86403534267279 0.22266007865859 0.8436617463315 0.211409784007454 0.103986506584011 0.0765352575976455
"mb62" 0.864841278498964 0.241675830451887 0.802022892942179 0.227041370469807 0.111188609446845 0.0991256017305967
"mb63" 0.7938484527738 0.214146648190646 0.760435387141803 0.201143621513 0.0961472700186423 0.0664214674034226
"mb64" 0.824707197356272 0.273458079344914 0.691343770289062 0.256461194288779 0.122075712669677 0.13587986723572
"mb65" 0.665918628262014 0.208592730206842 0.115049669734014 0.168961605500312 0.0941052297871726 0.144022183959696
"mb66" 0.696781667086376 0.222702230196076 0.334096363871544 0.186248589493212 0.114839398568177 0.126020060817314
"mb67" 0.815147625160462 0.240727174175032 0.770755242208478 0.229985881046541 0.112069971015843 0.0979986164822101
"mb68" 0.699011693119401 0.226448689758983 0.176487140866234 0.184231096747977 0.0975580043765753 0.151421590851295
"mb69" 0.942948090107738 0.197070094327503 0.9061970477989 0.190930135261115 0.0906942631097857 0.0461348527816825
"mb70" 0.703403764332588 0.21293311667135 0.218784281599931 0.176816984500816 0.111233318417423 0.143725838399867
"mb71" 0.785782323156364 0.238543749392819 0.718693838574591 0.223947236915195 0.106563128062968 0.0954047502099333
"mb72" 0.856681949397181 0.219167623233354 0.864609541998524 0.214127519442123 0.10469820345792 0.0723862883229783
"mb73" 0.665620359577623 0.215276492905662 0.0104438515113682 0.175065186710605 0.0878840864641861 0.171909210351307
"mb74" 0.739275453636316 0.225778800210804 0.229123368469502 0.188262847542378 0.112403398074303 0.162819009609148
"mb75" 0.724790530799831 0.226596924300774 0.354027589446792 0.186739918952903 0.11728101628016 0.130585621504818
"mb76" 0.713285003403361 0.231534032122087 0.260269635029451 0.191274608793716 0.109643516009198 0.147930561513139
"mb77" 0.717969554147029 0.239628484227539 0.635416131795948 0.218965366576316 0.103733982689718 0.0966933941444824
"mb78" 0.766109365473901 0.225362796310252 0.509043280423362 0.198680031011388 0.12607349669802 0.129015581220878
"mb79" 0.736598788099501 0.240676487508512 0.350046216644991 0.202652528526275 0.123664452682677 0.145954316195252
"mb80" 0.721692927812385 0.20755806854908 0.425872371322382 0.180550387267737 0.117076898031724 0.121676650882843
"mb81" 0.702972901867929 0.198058089364242 0.708373983507915 0.184678684986196 0.0860934847788863 0.0473085717134496
"mb82" 0.742868741737081 0.22697915748873 0.26040523946669 0.191433456380297 0.120923452728897 0.159006956281282
"mb83" 0.797816132441 0.229958820266037 0.715693894751886 0.215680204554392 0.10024541034739 0.0846906037451627
"mb84" 0.698828359703585 0.188739824210779 0.55208765753789 0.166431328693977 0.0939297518353413 0.0688055338088435
"mb85" 0.728064952638701 0.22956757149905 0.663086893244259 0.215229915719992 0.0976323696799969 0.0842320773080313
"mb86" 0.690848849187436 0.214356579037389 0.39286320495138 0.185983552745191 0.123420667720128 0.1288417339448
"mb87" 0.694144686290909 0.208918630332948 0.343878921759802 0.181675052182947 0.116912268640096 0.123306692768832
"mb88" 0.628673267529699 0.200530522335129 0.114264419643804 0.163180611133047 0.0884132772157066 0.139714564376223
"mb89" 0.700439652954795 0.218655980697678 0.396014087967408 0.188988778513469 0.113466066024228 0.120966953179439
"mb90" 0.642412976162212 0.194301580230406 0.104516234556266 0.159457956425106 0.0807947346865158 0.133014329753728
"mb91" 0.59948707714072 0.180464139406643 0.0209045208592538 0.141639248090439 0.0627726197731141 0.132866077001291
"mb92" 0.6124506391953 0.189859509789168 0.0316954408286194 0.149862407121646 0.0641341660409563 0.137370880692316
"mb93" 0.813171201002327 0.226479207371006 0.614435305599309 0.203535732463444 0.137827156406212 0.130453291036337
"mb94" 0.694178005799688 0.206948498612096 0.135367451395013 0.170883875809652 0.0834364309108636 0.146797839708242
"mb95" 0.634073966476969 0.197441536159109 0.114616567798061 0.153823089960645 0.0736988260698513 0.119845976752836
"mb96" 0.722547785966804 0.222014632038719 0.471537980614619 0.195567206487303 0.123512978919335 0.125281716605017
"mb97" 0.654520671207309 0.20739607438895 0.0104446213753241 0.169478191213181 0.0857302468504207 0.162546627909209
"mb98" 0.644403492831335 0.198571069569521 0.18577337075892 0.160998476815497 0.0953363430237466 0.127910738571203
"mb99" 0.614950646407968 0.188121518335425 0 0.14464678712311 0.0605821050991651 0.146281614597118
"mb100" 0.603675994315243 0.184033333426326 0.0313726835066375 0.14463845689189 0.0630432495437176 0.133252618604252
"mb101" 0.687739850535245 0.158568834721795 0.652970201450459 0.147137959883581 0.0641317333083124 -0.000177737635135249
"mb102" 0.685870614211754 0.200261349511897 0.0730094203604412 0.163042463518705 0.0780815692769239 0.148554606018852
"mb103" 0.666705628834402 0.190228113444091 0.0526967494349333 0.152852180850059 0.0727469595339376 0.139897049007856
"mb104" 0.65433629587156 0.193436037589543 0.281256785355779 0.160356113350203 0.0957335742444402 0.10614855208042
"mb105" 0.602654091857705 0.181753603661615 0.0209061522776249 0.144133680420153 0.063608457835242 0.130854389591255
"mb106" 0.686059131736527 0.223740027223381 0.442010645615994 0.191866989774317 0.11024324798636 0.108980062688183
"mb107" 0.613345779390725 0.189322973410619 0.0316954408286194 0.151353699681404 0.0704135675337765 0.136823256119527
"mb108" 0.709519214487828 0.211696512802675 0.125038483617535 0.174110477883356 0.0873822269820007 0.155370056124759
"mb109" 0.646730628176917 0.184801120156636 0.0208714236369466 0.145179830487018 0.0696672475962686 0.137489496066354
"mb110" 0.803972952861626 0.178940445466606 0.614984248870094 0.163966714692716 0.0951994017837837 0.0575574440701753
"mb111" 0.681028488605537 0.196807444017697 0.0841920769233127 0.15957197889487 0.0708561142490741 0.14485400877408
"mb112" 0.659267569516788 0.188225719448644 0.677388582676658 0.170034131855307 0.0781266490905287 0.0337894602542289
"ufb1" 0.64418086304531 0.203442468517596 0.250324050365812 0.163250476959775 0.0993178840082692 0.117121354039608
"ufb2" 0.63268073470577 0.197230061499758 0.182950733173689 0.155175755338275 0.0914722136144994 0.119355256584836
"ufb3" 0.614894016898462 0.184989927959344 0.0860988875675244 0.144905844816815 0.0689291669194855 0.113122967511653
"ufb4" 0.617615209943954 0.187070018163595 0.0836477478293448 0.144795929585893 0.075960208577961 0.12080645462417
"ufb5" 0.670234721944483 0.210173493349633 0.115147190070005 0.16983861703302 0.088919675500783 0.14045687926995
"ufb6" 0.632855644879413 0.200845298891795 0.599948114293881 0.178530698277539 0.0761095282723689 0.0500868895936552
"ufb7" 0.669394635598635 0.174152837809152 0.479250663799462 0.151721334604751 0.0969075581545281 0.0716310552566323
"ufb8" 0.722836836593994 0.216683438589614 0.156222881380926 0.179107136962879 0.0904978574303661 0.157271146680857
"ufb9" 0.655805308532483 0.20911659138512 0.0104432913184721 0.170605604327612 0.0864578586975017 0.166180432107237
"ufb10" 0.631096987771924 0.198369246214787 0 0.155596078576017 0.0786308598447621 0.156489981892962
"ufb11" 0.654662782172058 0.189236369617153 0.0420293459168523 0.148397904639476 0.0718034543327345 0.140691654856359
"ufb12" 0.722822512449497 0.172417817473073 0.652483344798391 0.156388310072678 0.0896593071881424 0.0497720430713832
"ufb13" 0.641851294185129 0.19486261341298 0.215465410046804 0.15679605052705 0.085557279656937 0.107227789446608
"ufb14" 0.616102876202566 0.192015962459804 0.114194051047465 0.153492445150654 0.0805333793000318 0.126108188898253
"ufb15" 0.613636313143319 0.189954968696223 0.0313917771652056 0.150535464209687 0.0612050702387978 0.131938730458681
"ufb16" 0.699694284958956 0.225729254341664 0.22223209905381 0.183797746456654 0.101109312107396 0.141625607846763
"ufb17" 0.687482267851774 0.201730034347911 0.10418163251793 0.165263942714467 0.081190740759275 0.144691445317378
"ufb18" 0.671216524807972 0.198962489517973 0.458098590800253 0.17114768140398 0.093074005426636 0.080539487536479
"ufb19" 0.690898439580338 0.206319735720803 0.427195559010757 0.180410709868124 0.116853037060565 0.107791195337135
"ufb20" 0.702290002932819 0.208954887265984 0.281257352169668 0.173295822257048 0.11680993426633 0.132567841424513
"ufb21" 0.741833212938438 0.227615937552417 0.489428279712799 0.197478714636038 0.116013687100383 0.113428976067101
"ufb22" 0.718119951663169 0.228399927363556 0.620959783473261 0.206574738881943 0.092158629071969 0.08335408647834
"ufb23" 0.619244371436854 0.195724253029153 0.117345674719496 0.152434778602448 0.0782640153643993 0.124875870250492
"ufb24" 0.597763951352335 0.175089760007066 0.0311763224733512 0.132860726079253 0.0711865611198176 0.125679494340437
"ufb25" 0.732015152780855 0.222610401906068 0.229126231959056 0.184330922798895 0.105954128221036 0.154254053315832
"ufb26" 0.716244268540274 0.213841807354252 0.481754853013136 0.183760097856974 0.106315634613758 0.0970657123323021
"ufb27" 0.6510182778599 0.20171861288953 0.219060738388174 0.163392663672449 0.0844093781080835 0.115212540907413
"ufb28" 0.625625858375419 0.19957524468272 0.117514943805464 0.158391896343445 0.0855413112363776 0.134383463036587
"ufb29" 0.641202611782815 0.183261611802587 0.479182727997877 0.156679145011997 0.09227414024015 0.0625174387792004
"ufb30" 0.723698265484325 0.171957717795929 0.589266290195268 0.151392546382246 0.0997075732720683 0.068995127909805
"ufb31" 0.780447202148992 0.251309072903479 0.515700191573894 0.221364543412771 0.126038345625141 0.140109349239398
"ufb32" 0.807144943867117 0.23329790208083 0.551955960631963 0.206862640337959 0.135982426019266 0.138118467720474
"ufb33" 0.628784106099127 0.190837863806725 0.204584017370908 0.154835412779509 0.0904124149421693 0.112321676512379
"ufb34" 0.653141858521389 0.19778789269324 0.430073303928036 0.169338855669055 0.0912670842617804 0.0782852914174771
"ufb35" 0.644068680016717 0.201904974028813 0 0.164426834129118 0.0834075789720271 0.159252338236357
"ufb36" 0.607121276337812 0.184578890428804 0 0.141417603472874 0.059839695960703 0.142494310803815
"ufb37" 0.621758380771663 0.197335644859993 0.0323306713705161 0.154406239492193 0.0744881357879006 0.139909275254289
"ufb38" 0.7263009562154 0.220591544256907 0.484021291231989 0.190997742225259 0.109124248961306 0.105069812919294
"ufb39" 0.758694476450255 0.199541674094552 0.624933283701125 0.178408257394014 0.0990686431943584 0.0812042970374364
"ufb40" 0.786000072613731 0.221276990364063 0.531166313945392 0.196020347841328 0.134892474889246 0.137002491890219
"ufb41" 0.623603360445466 0.191667349106156 0.107471021173991 0.148498044152655 0.0750986208571438 0.12052138824142
"ufb42" 0.723827907806255 0.232483765981222 0.360736007599896 0.196967279731222 0.114980805653891 0.136698192823645
"ufb43" 0.596776224841257 0.179438508604654 0.0211195605069108 0.140195220920353 0.0613267090804735 0.130208819231681
"ufb44" 0.605149004792952 0.183561998644508 0 0.139798667152178 0.0599317258753448 0.141423193439838
"ufb45" 0.692938131624353 0.22088383677385 0.625096276729273 0.203148410272252 0.0904457784771848 0.074425116706251
"ufb46" 0.730400236676387 0.222906764076583 0.416705222727622 0.193237545482774 0.1268283828235 0.12643735980446
"ufb47" 0.701186542505257 0.207596206746314 0.666632434940703 0.185098471789269 0.08449475729179 0.0586396700777773
"ufb48" 0.69856200913653 0.214774042141646 0.503039226433492 0.190766887576716 0.108619791760176 0.0975261765412823
"ufb49" 0.678024127812194 0.202617022309446 0.375140454222051 0.178247476085322 0.102771092244584 0.103628822079995
"ufb50" 0.633323067446874 0.199126219189743 0.63551882697384 0.184108960800563 0.083138283394131 0.0485774892192641
"ufb51" 0.576715233600109 0.197898664513219 0.58062635608018 0.17948495425885 0.0787267669970055 0.045302637864914
"ufb52" 0.705446572984523 0.209596891237888 0.218784281599931 0.17124562913787 0.0999469870962501 0.140096256598807
"ufb53" 0.819427730980078 0.216220547606599 0.66656782770537 0.192155420051682 0.116185234290403 0.100348925579829
"ufb54" 0.686476465135441 0.22140116653879 0.416523350172786 0.188326103781888 0.108605654481189 0.106295431799499
"ufb55" 0.60890189692816 0.190032887188139 0.0323373063735895 0.14836829748168 0.0636376714617559 0.128498065324774
"ufb56" 0.804810557684121 0.209977372729022 0.666745737835704 0.192605438098489 0.110754760697039 0.09318277830555
"ufb57" 0.758427003070316 0.228497903048911 0.374864292884419 0.196386418578702 0.131175941475148 0.145004861893662
"ufb58" 0.721257378662003 0.219101246091459 0.291609368106755 0.181560395804405 0.113115463756236 0.134591285514773
"ufb59" 0.676452191630492 0.21365251935945 0.155613312967576 0.175882254235085 0.0944548839241674 0.144242992863758
"ufb60" 0.696521722392254 0.232050830320442 0.409601188091675 0.203516684960906 0.102298857933331 0.117696115060942
"ufb61" 0.621341441111924 0.193403076641675 0 0.150323919748678 0.0635417964729436 0.151767634306078
"ufb62" 0.845460586427444 0.220068954390422 0.729286508907239 0.207694730369379 0.122165178247283 0.104766269371249
"ufb63" 0.644908033289097 0.205293096674143 0.344549302380578 0.168542320370066 0.105236055700117 0.106481063903591
"ufb64" 0.622778352741763 0.19353199646567 0.247732828443478 0.152681348690264 0.0960720686563607 0.105750460269684
"ufb65" 0.786147056623532 0.177959244131487 0.812548138364637 0.170355253173479 0.0802418681701764 0.0234315335916695
"ufb66" 0.657406703944569 0.201096646384702 0.156880157323916 0.166662514591094 0.0864508464428554 0.130578834786848
"ufb67" 0.623746657941899 0.191886353363934 0.0418557028869408 0.152323417169525 0.0668468718489804 0.134008442834952
"ufb68" 0.543226636181766 0.181708479559608 0.547237341374016 0.157853699990705 0.0675563930758362 0.0273399601819738
"ufb69" 0.659101424203412 0.204852554616511 0.158572903399832 0.163456688994236 0.0905786072901433 0.127825108503891
"ufb70" 0.683623334549121 0.214679115412259 0.42700611539482 0.180965325965899 0.103863922803663 0.0985796126365656
"ufb71" 0.627169285462468 0.196136282327771 0 0.152445634779287 0.0683675370822817 0.154140362196019
"ufb72" 0.662059601831587 0.19235673454414 0.0624617038970627 0.15201482826829 0.0699990658284035 0.142180992696995
"ufb73" 0.639282575093503 0.198998016934541 0.0104456346910185 0.161391081542087 0.0862187322305468 0.152460840832899
"ufb74" 0.616078370393407 0.186734674064689 0.593777278406627 0.165405194867159 0.070507320000062 0.0338565740665622
"ufb75" 0.600206813384704 0.179622920302658 0.0211195605069108 0.142975419993294 0.0621312875789134 0.130433640899628
"ufb76" 0.65455345358557 0.164333590735143 0.697951433263349 0.145654736021341 0.0658836263531356 0.00724452176033931
"ufb77" 0.646251427408504 0.192081224044285 0.343735541477142 0.159260452978929 0.0988985976364119 0.09178509558282
"ufb78" 0.612611368188411 0.206989262877706 0.563781256763021 0.183213829074294 0.0820898032839855 0.0568538156382578
"ufb79" 0.690772934715347 0.205525747134826 0.260484470009163 0.172851201328031 0.109788613496363 0.128807567353989
"ufb80" 0.58648822368119 0.170840231431634 0.0311829232726692 0.128279094138716 0.0714152129800882 0.11930880111074
"ufb81" 0.653042989890738 0.193458964435879 0.516075723426364 0.168062756631147 0.0964503046711151 0.0733114985628615
"ufb82" 0.65484489449363 0.195206424760407 0.0728950909338264 0.157042016854816 0.0819391697432588 0.140730586044327
"ufb83" 0.616242809732498 0.192084924585826 0 0.147907511892457 0.0636225495578589 0.150383165996583
"ufb84" 0.712150133617312 0.229055525345379 0.416524812813766 0.197029272628301 0.113621976567531 0.114299365419035
"ufb85" 0.605575259222446 0.189229895339081 0.385371571390575 0.161458846789213 0.0866970815759939 0.0693680555944981
"ufb86" 0.588726142653232 0.172828149742691 0 0.132663760934744 0.056468133209262 0.128615847637013
"ufb87" 0.793266520153264 0.211332834392847 0.625123930195928 0.190417808841743 0.128972108216219 0.113426626851743
"ufb88" 0.638784147749134 0.182445300219594 0.645838682040515 0.164661604634077 0.0724589213103691 0.0287608811731718
"ufb89" 0.622065281361764 0.178691885354967 0.290596479341819 0.145786587926316 0.0965181024674339 0.106403290696713
"ufb90" 0.587028438769588 0.167322295918356 0.242196573405824 0.138069532240166 0.0937906803054536 0.0995041529083698
"ufb91" 0.566877239554312 0.168870367058355 0.0208930446090206 0.128359030858806 0.0694516469398916 0.125108914001204
"ufb92" 0.748184169172328 0.212391355680928 0.519363662793218 0.187431516527981 0.108227288870339 0.114430788980787
"ufb93" 0.687111394538456 0.19343439155066 0.499911044934833 0.168774600159178 0.0947021533805542 0.0741941320150923
"ufb94" 0.678967324365445 0.203694876604419 0.360942792455319 0.171438601332109 0.100359321706106 0.104523041645741
"ufb95" 0.61587366172469 0.178597752872628 0.347333269524622 0.147051368756334 0.0959478362402882 0.0764423446822211
"ufb96" 0.672565541684561 0.197647465387486 0.239554741562401 0.162986773857789 0.102754368020527 0.120168521575245
"ufb97" 0.685194378675628 0.231052117357334 0.392753761543409 0.198693439330632 0.109341111527696 0.116593152935678
"ufb98" 0.608783172290225 0.185345129564541 0.0313601092190002 0.148720814394795 0.0666274042419804 0.130093642110155
"ufb99" 0.605984834160304 0.182997575473608 0.0209013919180196 0.146360278984541 0.0670863380550855 0.130073075274983
"ufb100" 0.63485753163143 0.198223408013368 0.155207203169407 0.155743127268386 0.077436047540847 0.120627593956944
"ufb101" 0.621100147962938 0.189334392758432 0.149704792204569 0.153080780741948 0.0803242925594048 0.117790292463353
"ufb102" 0.775597654488047 0.221675854079089 0.562511119383146 0.197722409805238 0.119204987804478 0.106610728328395
"ufb103" 0.633452311906119 0.189314132224752 0.0835936411898338 0.154007509815644 0.0743967214695013 0.127647500372039
"ufb104" 0.679353635650996 0.1988412285389 0.156224585840795 0.165236211353378 0.0797791114198972 0.133690870342037
"ufb105" 0.749257065929581 0.212729733211914 0.385289252763705 0.18284391105738 0.118777249934937 0.127530238557257
"ufb106" 0.582232860869799 0.160096722101965 0.364511710133444 0.13195416277581 0.0872137730998474 0.0692012090176838
"ufb107" 0.687680876950518 0.201546167061069 0.135460906128987 0.165085059417685 0.0857995848019461 0.136615774893285
"ufb108" 0.714974848817043 0.214618452099411 0.156319303137634 0.177920916439767 0.101182572467277 0.155049536947654
"ufb109" 0.592901836408513 0.179163523909934 0 0.138969094414568 0.0549759334717487 0.13686197272941
"ufb110" 0.791520052453284 0.210261164567202 0.656085062483336 0.190161929814485 0.111931959471279 0.0935085250846344
"ufb111" 0.652551161504425 0.200445008748194 0.137277836422066 0.160669387008404 0.0864311419284909 0.129950826142407
"ufb112" 0.551339671438882 0.159379782758948 0.031352385360937 0.122526498136765 0.0665811179139933 0.108973057513832
"ufb113" 0.663088817292345 0.182436097873153 0.321720688843163 0.154064908337968 0.0923380791291466 0.103395250917684
"ufb114" 0.658815060686649 0.211696485665204 0.397501590641367 0.176096089792343 0.103151399387368 0.0948563537363587
"ufb115" 0.640950347036839 0.188546366533976 0.625044929140327 0.171836301106743 0.0738844063741138 0.036008829564485
"ufb116" 0.723505919269719 0.199158604746329 0.437421510875912 0.170015533426148 0.104846131714744 0.0997410718877734
"ufb117" 0.674741348293156 0.201628288728952 0.0937530131798971 0.162826204978139 0.0854840649995123 0.141074107318152
"ufb118" 0.71677882282742 0.212737837529127 0.166651606424175 0.176874330920653 0.0902210701580516 0.14871755377654
"ufb119" 0.618103288129296 0.180272387225617 0.375008262013062 0.158456607691621 0.0808987594353386 0.0785102938060471
"ufb120" 0.600854615064741 0.182175186109859 0 0.138337369291749 0.0593798902291139 0.139765500678718
"ufb121" 0.686460464288891 0.217753184038848 0.290964394492657 0.179385220015113 0.108541557729683 0.119992691539762
"ufb122" 0.614350721562512 0.189222235295433 0.0521450898360808 0.147616324826175 0.0642755741665286 0.123187237440814
"ufb123" 0.617940840141631 0.188437653389087 0.322754868910872 0.154500057709509 0.0941554360357783 0.0876892071434975
"ufb124" 0.613572036326382 0.18352306194283 0.247235524518307 0.148863192779724 0.0910678907633862 0.094772762005784
"ufb125" 0.680359323216466 0.202152298407326 0.395856742370342 0.179744932455984 0.103838501302498 0.103106406724757
