"quartet" "cluster" "phylo" "mutual" "shared"
"mb49" 0.889481481481481 0.0285661899894287 0.906219502973371 0.182057453647409 0.0874353236261817
"mb50" 0.743554874545106 0.0464643481653066 0.487204990180536 0.201650901713031 0.118369735938647
"mb51" 0.813334811284155 0.036533041432191 0.763424329167796 0.22639347979881 0.110481048637743
"mb52" 0.980168489351682 0.0368328107554239 0.9791484754578 0.237779599032082 0.119710381582783
"mb53" 0.765541360359717 0.0326755983509147 0.697909711204453 0.19162576295264 0.0907573388347483
"mb54" 0.662537991154324 0.0745329501947828 0.0829175015013418 0.162769843612204 0.0928305220093475
"mb55" 0.853067500927939 0.0373873880944637 0.776629782501401 0.232386989694041 0.112223505564083
"mb56" 0.890177317872186 0.04196327829839 0.797765762987417 0.258479111770211 0.127774434472827
"mb57" 0.775151972583738 0.0685670944397843 0.280842713569859 0.194652466439842 0.121268138541925
"mb58" 0.784687197136019 0.0575699761201427 0.478994802735177 0.217038112380128 0.143190319555225
"mb59" 0.835744390021643 0.0361646848756019 0.760515648244323 0.222848664343332 0.10562042457407
"mb60" 0.844376340790683 0.0348340651307377 0.800145325218942 0.218040391454128 0.104991396376984
"mb61" 0.859391250086667 0.0294663172356473 0.863096158835562 0.184634758893279 0.0892751653627708
"mb62" 0.60371176892312 0.0772866288580069 0.0102505532616292 0.141670387704702 0.0767042477958469
"mb63" 0.890921318090114 0.0312126710334639 0.885367978431171 0.197030247818195 0.0964982990185222
"mb64" 0.881933061915085 0.0424396301742251 0.789402660607284 0.259783039159356 0.12596584172215
"mb65" 0.715813880116794 0.073113139329958 0.260776571006892 0.180496747157342 0.117080692034939
"mb66" 0.705944938649341 0.0697412748619047 0.176359676090045 0.168668487538488 0.0995670195882484
"mb67" 0.785341785240632 0.0572209541056868 0.450165636930005 0.208705722747925 0.131601853484372
"mb68" 0.761079433184667 0.0377208774224993 0.64196376228682 0.225887868947998 0.103746465286155
"mb69" 0.840671394316617 0.0371428087550096 0.781264445959982 0.229058059596831 0.10967152505316
"mb70" 0.876823154056518 0.035818403463684 0.822916131631112 0.223652632891823 0.107112939717248
"mb71" 0.738871595908409 0.0675337946388492 0.344601474672295 0.186906597071137 0.124074077738373
"mb72" 0.670718818241262 0.0589104796400663 0.238805733170764 0.151826545396978 0.103489219959503
"mb73" 0.763900945766894 0.0416559282740043 0.573019866553131 0.1876110019637 0.109169773015259
"mb74" 0.896516040013798 0.0366449384574139 0.812387642533471 0.22515389604333 0.109325182576602
"mb75" 0.726912253773344 0.0431167629654871 0.529241739323164 0.18882946156603 0.102588104460877
"mb76" 0.677613699444624 0.0677310760948912 0.155499007308598 0.15708890386224 0.0852763801066984
"mb77" 0.596214871348942 0.075690669595436 0.0207575862112301 0.144243875495168 0.0754740699753845
"mb78" 0.676899449682181 0.0464674963845473 0.363358811725668 0.146611003596765 0.0911212511791641
"mb79" 0.730759987081947 0.0711628237590254 0.292097516095073 0.182782707702461 0.124037808306787
"mb80" 0.668614715073379 0.0619343849554756 0.186732950700808 0.1512853060153 0.0943849825398446
"mb81" 0.701214499748084 0.0437884610346956 0.421101863446721 0.159337687630834 0.0956750361242362
"mb82" 0.824697044470033 0.0357344815306544 0.755283995121504 0.220147079252809 0.104114767541857
"mb83" 0.640241818296388 0.0723491045981821 0.0834631420530768 0.152851523672042 0.0821910522928597
"mb84" 0.673503962066379 0.0690276955938284 0.145585037415176 0.168095089011735 0.100710005696901
"mb85" 0.672602092667077 0.0516994130034489 0.363389515052364 0.167264597760904 0.108796339859954
"mb86" 0.634189679632651 0.0722364230925568 0.0209395428965879 0.148092291544038 0.0741714359815809
"mb87" 0.697238521649657 0.072967507877506 0.189589448029845 0.170885546761408 0.0928939800428057
"mb88" 0.62002192625292 0.0714765524725667 0 0.140616611999351 0.0654730193676361
"mb89" 0.785945649586276 0.0617270648613157 0.357240132997943 0.193850571725401 0.119419365626416
"mb90" 0.645249183828194 0.0728090631699413 0.0515206080832359 0.153513599426741 0.0724852990441903
"mb91" 0.802679379777444 0.0552063326487399 0.465614111353642 0.200937475805881 0.129345725425458
"mb92" 0.769852717115287 0.0450970223781485 0.5525734689249 0.202939862076866 0.117627575202861
"mb93" 0.676745779042371 0.051965711205194 0.310964594563732 0.161480372099242 0.105537298091168
"mb94" 0.722604518306933 0.0281761461070985 0.736883080418875 0.171026997324361 0.0787833453573457
"mb95" 0.784053062376517 0.0451192704860762 0.613418934433106 0.169709336571904 0.111450808063566
"mb96" 0.694505292856078 0.047304350148309 0.440022708639567 0.175511724539812 0.103970134492945
"mb97" 0.628472222222222 0.0226536047073417 0.625545736265997 0.13885986180252 0.0622269350790302
"mb98" 0.64332666476136 0.0716547407016374 0.0314208807063312 0.150912100505407 0.0731534264583839
"mb99" 0.802559041720547 0.0450488016750634 0.557830373772086 0.201713226787674 0.118484874083308
"mb100" 0.657720268849161 0.0453345689102162 0.389825883724718 0.16612160299834 0.0968909568603129
"mb101" 0.647122448059849 0.0487457818991538 0.280306741281679 0.151621570500229 0.0921680475237096
"mb102" 0.665267671814055 0.041999397898835 0.412291910754052 0.183880856904863 0.0919781781902271
"mb103" 0.587325132418741 0.0726297267677222 0 0.133123340396737 0.0625935811342628
"mb104" 0.59778761409826 0.0682174383789214 0.062614930832108 0.133692851905294 0.0736879387995879
"tnt1" 0.617628859836615 0.0652368587619728 0.0623424888907035 0.134963160455832 0.0740419481053309
"ufb1" 0.617106559853617 0.0701827194479569 0.0412212158597249 0.146073825166864 0.0699696579919416
"ufb2" 0.638970294596504 0.0467516236643309 0.301137458935741 0.134289839459015 0.0882227814873087
"ufb3" 0.615177689686348 0.0656139710131566 0.0312236676312658 0.131063944809192 0.0654761456997395
"ufb4" 0.772359421500548 0.0609393919341435 0.336006185585061 0.192932603436697 0.121578851819528
"ufb5" 0.605212806348629 0.071164767582424 0.020388310085374 0.138673608830482 0.0614428269934869
"ufb6" 0.60798597686995 0.0702474311243989 0.0203417824794679 0.140705382722451 0.0642457271113423
"ufb7" 0.765746493545147 0.0472074255023529 0.51061767466625 0.211718436077114 0.126009642654783
"ufb8" 0.714846936584947 0.0406171170525409 0.56694984473123 0.185165692620183 0.105762795002692
"ufb9" 0.674698795180723 0.0454219414068111 0.429531418910417 0.169349739515938 0.106216124436331
"ufb10" 0.703905516242248 0.0668486348325305 0.281810537581899 0.175983850733542 0.109505435820548
"ufb11" 0.695225705736959 0.0429889823973578 0.452714569810186 0.159344142221266 0.095377898753799
"ufb12" 0.732187868556761 0.0516539423917499 0.380999570839667 0.183800364444483 0.111041566866887
"ufb13" 0.612573351171632 0.0427520420350075 0.407296346189058 0.151722972466852 0.085757180866402
"ufb14" 0.737976086628582 0.0593679429305952 0.380448127904455 0.194688963462454 0.131645735900349
"ufb15" 0.710954164099161 0.0610513219024231 0.303442078128119 0.181393044973695 0.123554414431699
"ufb16" 0.637234786396304 0.044665794102598 0.289646755100399 0.155765524092619 0.0826356636930275
"ufb17" 0.62430297870362 0.0695605018846289 0.0515502736829173 0.141555205072573 0.0615865849284117
"ufb18" 0.67618942366138 0.032416132014021 0.624977753317888 0.148012650569097 0.0828122515541238
"ufb19" 0.577601888853208 0.0713787126026288 0 0.132061537721682 0.0630842470206955
"ufb20" 0.585715950551766 0.0735073305476703 0 0.134447640886661 0.0670689071675856
"ufb21" 0.631530320846632 0.0244632952685432 0.705174105222979 0.145627291360187 0.0648976564316543
"ufb22" 0.766215363496474 0.0552446828962051 0.502662008203974 0.202363937405239 0.131342440996474
"ufb23" 0.714106958272129 0.0353201476390503 0.599979239254437 0.206567707097373 0.0934156675531409
"ufb24" 0.625217631071021 0.0667793327040551 0.135576202075396 0.144724271938663 0.075542063104971
"ufb25" 0.570475697137631 0.0704302023911803 0 0.126913018048868 0.0645639788638823
"ufb26" 0.585866721517583 0.0718733641132642 0.0310782867551932 0.13833603601633 0.0731458222005443
"ufb27" 0.646786914150921 0.0382238510099519 0.481195090804281 0.170807496325726 0.0798664636922189
"ufb28" 0.680668511083702 0.0603796269101001 0.272010754427105 0.173681808180097 0.116335580303981
"ufb29" 0.636032251454153 0.0571526921930099 0.207074753958645 0.149215457002938 0.0933737438478837
"ufb30" 0.652304358242763 0.0537220076745868 0.227858093509966 0.15050291802474 0.0871010161054121
"ufb31" 0.569827586206897 0.0269441659102212 0.578909124942384 0.154357070934149 0.067784380025723
"ufb32" 0.667966846863668 0.065898315322258 0.167205078113279 0.161135626768134 0.106829673822303
"ufb33" 0.619923439488258 0.0701764423544849 0.0306396324383107 0.140150907834715 0.0587570246339765
"ufb34" 0.700831259099234 0.0599146455010273 0.261454836330429 0.175460175129637 0.116111950625441
"ufb35" 0.754743054812596 0.0496905904732873 0.530193239509551 0.164408563869512 0.107747735651968
"ufb36" 0.583837782498297 0.0727291363922183 0 0.131259166797739 0.069358078071105
"ufb37" 0.700337597725657 0.0262348330944832 0.694639048066953 0.152322821784809 0.0685439634018849
"ufb38" 0.741094806064665 0.0334291540691075 0.670215555942738 0.201231566605933 0.0931016362117851
"ufb39" 0.720918087406046 0.0571041921436256 0.316819740896118 0.182796963816528 0.122537272663333
"ufb40" 0.662316494013549 0.054006329409429 0.242299266371899 0.150045409765662 0.100235489041169
"ufb41" 0.617152843124076 0.0328776907906622 0.520646708388949 0.144073242732297 0.0772000976985309
"ufb42" 0.755362227969799 0.0363352459720889 0.676994964568277 0.168104541105687 0.0966587390704428
"ufb43" 0.653736043515603 0.0266081790572493 0.68425969650265 0.159861642205406 0.0714613387588921
"ufb44" 0.80238853814429 0.0455169410363043 0.604997296630385 0.211075173785417 0.124404961925952
"ufb45" 0.573738337574215 0.0390492096120427 0.355077165794647 0.139376598327866 0.0728862234715812
"ufb46" 0.597176386108666 0.0678113252014244 0.0308093272934091 0.136413687109121 0.0574257691152877
"ufb47" 0.605887181892811 0.0383398863892295 0.382586998388419 0.165296672053349 0.0752410880181359
"ufb48" 0.728990486257928 0.0322616683534151 0.652602623170662 0.193336698220188 0.0881392359579877
"ufb49" 0.662401293327341 0.0637439380473303 0.166560574958751 0.163694697196303 0.0985305436909097
"ufb50" 0.594709417836034 0.0425453025603683 0.300866173186391 0.149721895784879 0.083012162764149
"ufb51" 0.752453577041737 0.051261286124812 0.395106988780592 0.184351318099104 0.106629887805141
"ufb52" 0.789937303462958 0.0451650320420289 0.59568023333203 0.205640380803465 0.122307030646756
"ufb53" 0.586220819050638 0.0724169131135047 0.0312240189509646 0.139831399411694 0.0737261425869082
"ufb54" 0.598195839403469 0.0762968151927144 0.0103677971745612 0.138464094988463 0.0660006333292882
"ufb55" 0.762762762762763 0.0336573715876374 0.663189582190596 0.201263528846992 0.0918231859514152
"ufb56" 0.803878505699163 0.0448453738948136 0.563675757663552 0.200524119656587 0.119563017583508
"ufb57" 0.771727985884261 0.0512770705864891 0.435847199317398 0.18816975174006 0.122277888941748
"ufb58" 0.733278773900751 0.0580898602574111 0.334393376575408 0.183288871945216 0.110910156852089
"ufb59" 0.692026104460825 0.0628946349066097 0.198479477814918 0.168920525965206 0.108427192211956
"ufb60" 0.774228077398106 0.0368480466394125 0.631465365480152 0.162053143739877 0.0973568568771179
"ufb61" 0.59555538508745 0.0673828837265684 0.083158979363021 0.135919444500311 0.0800914360234766
"ufb62" 0.779079730945547 0.0474632794209255 0.489269822859062 0.208326559124098 0.111699378715805
"ufb63" 0.655381776833795 0.0388500503556888 0.470962574262947 0.174479691431399 0.0952378173888377
"ufb64" 0.80227763597094 0.0280494670141399 0.822864768217841 0.177245244997006 0.0824555904062224
"ufb65" 0.621383349833177 0.0645844245278668 0.114684068447188 0.141218785959438 0.0763405340072501
"ufb66" 0.61685681522225 0.0655438942135816 0.0937046915690939 0.139381034933356 0.0767473389182974
"ufb67" 0.643178410794603 0.0309751300001363 0.602014299003563 0.177442648771964 0.0799996581831049
"ufb68" 0.609509812419707 0.0689905844731435 0.0203106698662417 0.13964546940395 0.0560119062483175
"ufb69" 0.712402030857199 0.0351464096738961 0.600035967597952 0.160372910453745 0.0942854892081874
"ufb70" 0.71565858128422 0.0503728862473293 0.427862366861451 0.160612588348884 0.104855791085153
"ufb71" 0.66403347485161 0.0639249486388673 0.198040444349541 0.165698590697495 0.106303887829347
"ufb72" 0.650114157565828 0.0696458554825149 0.114339767182672 0.15740332311434 0.101325718188469
"ufb73" 0.686050053201799 0.0644738760384678 0.232020422338884 0.164866215345994 0.0958820632727797
"ufb74" 0.696867451878782 0.0695088444074996 0.200225112948263 0.16728347442427 0.0964103530841041
"ufb75" 0.774686390793448 0.0441354959547461 0.516348028486022 0.194540861826581 0.113136266309507
"ufb76" 0.636074059327095 0.0534300924001373 0.240382710891565 0.148324301110818 0.0901157260277904
"ufb77" 0.761084224918075 0.0444326919860919 0.521023316994879 0.197295635116893 0.120100899143256
"ufb78" 0.675163783492628 0.0661205554312963 0.210787364518774 0.162178644371212 0.0881016334225144
"ufb79" 0.671467510568016 0.0466892749394138 0.320885437125569 0.162546365893157 0.0944368385931263
"ufb80" 0.594718913028547 0.0747601988790186 0.0207477582011204 0.140646874655743 0.0579061459247326
"ufb81" 0.695694850496586 0.0595188299405373 0.302833983594988 0.170482730327277 0.108998937063435
"ufb82" 0.588910878623224 0.0726919896596079 0.0209532768537028 0.135976983260176 0.0540671509492834
"ufb83" 0.634642750005769 0.0485629182769449 0.31083298688039 0.152335327913832 0.0931861961307307
"ufb84" 0.613626103228786 0.0687898551565551 0.0834318291212023 0.141102755926497 0.0737890443961678
"ufb85" 0.596752139551354 0.0706251987382248 0.0104052926258259 0.136520556430423 0.0619193677013449
"ufb86" 0.616263540584656 0.033226943057306 0.512675831220826 0.150438831568541 0.0797844868470686
"ufb87" 0.537744815343426 0.062686381853861 0.0209150170739897 0.118831946917896 0.0526168172846344
"ufb88" 0.581175652336442 0.0724478993720958 0 0.133138037821223 0.0663635135364531
"ufb89" 0.574815100876432 0.0699983837279347 0 0.126010000804061 0.0583885712662581
"ufb90" 0.650410359130712 0.0674451918238604 0.156327742066224 0.152496250779815 0.0732742429577305
"ufb91" 0.642084351257752 0.0379941303621181 0.420797072330342 0.156165931210298 0.0932471202125204
"ufb92" 0.596483771820174 0.0626882696111773 0.0410628631006028 0.130623064961175 0.0577494883301107
"ufb93" 0.613216799780898 0.0629306018044824 0.0827598234098984 0.139312765846783 0.0661177081342191
"ufb94" 0.586766747801842 0.0720603540863091 0.0207190505846084 0.13258688295918 0.0625267560166558
"ufb95" 0.704955143791398 0.0403421252194396 0.505148313985487 0.17919553364039 0.0977919904738951
"ufb96" 0.569803012746234 0.0701946438568786 0 0.127596691556888 0.0656394538930138
"ufb97" 0.658393863741626 0.0451300626268656 0.284904171605697 0.158992046473904 0.0849988572683595
"ufb98" 0.576743559964564 0.0640825933824094 0.052281482489191 0.126887634727565 0.0641688217643139
"ufb99" 0.76575117257386 0.0515327092140624 0.419209545445472 0.18823689234773 0.116938765986232
"ufb100" 0.662508605259535 0.0317368220465803 0.614609905759189 0.144974415999671 0.0755990870785073
"ufb101" 0.730758911309096 0.0676388648392431 0.207597343493589 0.176718614090606 0.100445831730976
"ufb102" 0.665482300302671 0.0306997717114924 0.645056973714025 0.179800002913883 0.0823211747741069
"ufb103" 0.792263861494631 0.0447766151672851 0.547969923275058 0.198164119819536 0.114832283031177
"ufb104" 0.581271370076967 0.0619776412410192 0.0627165416569417 0.127585211249407 0.0632417134720754
"ufb105" 0.595238874290169 0.0686430139741011 0.0104268355210055 0.136697659794829 0.0636133234217284
"ufb106" 0.613435459568056 0.0413812718573048 0.332191128314654 0.144572980219732 0.0869409994135761
"ufb107" 0.657412481325312 0.0520075598409785 0.269885333384501 0.144688332004427 0.0988564089104561
"ufb108" 0.65367863101478 0.0364964357337463 0.57289944731066 0.137237443487267 0.0887182162743362
"ufb109" 0.619330784841191 0.0392719731951414 0.418471967168467 0.168775464013198 0.0802911027570513
"ufb110" 0.575795485895815 0.0708194764414516 0 0.129797484784676 0.0621298530072541
"ufb111" 0.635171630027006 0.0448103943001379 0.352414383291467 0.16038156705735 0.0962813904747956
"ufb112" 0.57326388676872 0.0457984537531337 0.292017391724968 0.12731692043331 0.0834198693729129
"ufb113" 0.730444415670364 0.0591355558772963 0.344936305547234 0.185426911673848 0.112547874608908
"ufb114" 0.598523830718908 0.0699042924338631 0.0727954209142675 0.139540421251802 0.0821399743844814
"ufb115" 0.628013009040972 0.0489971240680836 0.279372046576197 0.149742242357192 0.0887053376156939
"ufb116" 0.622870124952669 0.041698334265725 0.341600717747734 0.142340015763572 0.0878160606940655
"ufb117" 0.76370207215106 0.0390884383456111 0.635345600876587 0.1803866501474 0.102597956113854
"ufb118" 0.763345521023766 0.0468335469700186 0.599839644773539 0.177051473792956 0.117214469174463
"ufb119" 0.670947955733737 0.0628479371726906 0.221804562209592 0.166281327477543 0.106242635636404
"ufb120" 0.598929576949797 0.0690661257066916 0.0203673387944709 0.137030907474686 0.0565793106065483
"ufb121" 0.611973190957628 0.0385858904500723 0.380479875741222 0.167392459423096 0.0810837037874332
"ufb122" 0.567018122195872 0.0641189221124921 0.0418203638581673 0.122854474176015 0.0644779886282547
