"quartet" "cluster" "phylo" "mutual" "shared"
"mb49" 0.924430373176935 0.0382800642315684 0.854223368785828 0.245047939149516 0.119673438891684
"mb50" 0.724626999974291 0.0907117174248585 0.0418712324484161 0.193072368315925 0.118560747170523
"mb51" 0.743787626936347 0.0726213344466149 0.301254968901871 0.192454749084767 0.125884487777388
"mb52" 0.662248081977022 0.0741680017188552 0.145302075959835 0.161091900137803 0.096338163819427
"mb53" 0.877628594200233 0.0350875626742895 0.822952506685382 0.225167200927256 0.107096950634834
"mb54" 0.890490461919033 0.0435644448759023 0.76592732128791 0.27919891877893 0.136120363963172
"mb55" 0.770770878996668 0.0589430573631695 0.417386601502283 0.228010605542174 0.148521599432797
"mb56" 0.833194655180853 0.0409145722839202 0.715716279934898 0.257535301812631 0.125565763952474
"mb57" 0.617362692460359 0.0842726724038743 0.0313483853842802 0.154738075491058 0.0804360882938522
"mb58" 0.896962982273201 0.0346547376000876 0.843697042360406 0.221266640254642 0.107391180275642
"mb59" 0.709867537896666 0.069457314693168 0.249268865123464 0.175505207303626 0.112617891203328
"mb60" 0.727825454793291 0.0740877430662352 0.230902187853913 0.186630537152649 0.10969078827354
"mb61" 0.859355172251727 0.0452326874034062 0.718592456719736 0.215141844531992 0.136361448408018
"mb62" 0.768720661050736 0.0561698549207136 0.499891418589914 0.190087921235204 0.130653172659674
"mb63" 0.890705244122966 0.0305957799784703 0.885442878023638 0.198706940158556 0.0962774661915556
"mb64" 0.744398911462915 0.0854168085528348 0.115092459253509 0.20531946103677 0.118150877618214
"mb65" 0.708051029646227 0.079660443314098 0.104500381886254 0.194176596943638 0.0953511622992739
"mb66" 0.855922831162448 0.0353994658513544 0.789498264200967 0.224698485240027 0.107822735348495
"mb67" 0.71335660087432 0.0483902373263945 0.416101255157999 0.175140971700819 0.111522610405712
"mb68" 0.724162866842095 0.061824225540131 0.322249014784994 0.179503506756417 0.121252596892531
"mb69" 0.793883213742886 0.0641797058924635 0.437134102508841 0.24190709929657 0.160672507290578
"mb70" 0.775217816996542 0.0771780578480239 0.292872644825219 0.225325300845352 0.143333267770857
"mb71" 0.804271733695264 0.0465464785478082 0.644216781359544 0.21969926386446 0.132541945989159
"mb72" 0.847959134499542 0.0371394392426707 0.821096875561741 0.241739316118792 0.117778744753804
"mb73" 0.995964254828481 0.0354643924420967 0.979152758599703 0.233991520888577 0.117337559880298
"mb74" 0.788382994990242 0.0450432901816348 0.55781651029877 0.203901993241273 0.125936647171921
"mb75" 0.766444039668083 0.0333358844618147 0.684117668574124 0.203351741982546 0.0947770342918387
"mb76" 0.917147991271981 0.0321421718750855 0.895815145861149 0.209125939348499 0.101156589253483
"mb77" 0.781002700070563 0.0702885452588091 0.359255534160185 0.230531130361354 0.151154214700876
"mb78" 0.812996213509222 0.0349756821833403 0.768432523293785 0.216234444345056 0.10411894545341
"mb79" 0.89605802585935 0.0329742601917315 0.84379974808568 0.209146992949553 0.100423870995679
"mb80" 0.607188417535689 0.0815420391433528 0.0208953609574236 0.147973074917293 0.0778520169764792
"mb81" 0.88782267874037 0.0402938813192601 0.812477533122596 0.254062808755615 0.124269368951965
"mb82" 0.666056450972035 0.081929436555879 0.0313803944862811 0.163960489560666 0.0795805868883688
"mb83" 0.758944331416986 0.0590754077221526 0.355521244015253 0.194209908045984 0.126125013184418
"mb84" 0.788552222333701 0.0510558688574543 0.541537211349047 0.197591550022501 0.13520947484574
"mb85" 0.689129837347068 0.0705907557733166 0.197196491085807 0.168908785926865 0.0995547062519001
"mb86" 0.725257763783417 0.0332831491902637 0.708292678983746 0.20514486033078 0.0984509790436392
"mb87" 0.672737940476054 0.0762653024103982 0.093997445079598 0.178312008828005 0.080874024811952
"mb88" 0.626125014650636 0.0729951508231291 0.0934287348810407 0.149113432081613 0.0781587930224375
"mb89" 0.735042735042735 0.0584475561211914 0.415632412779336 0.193057020469055 0.129732569913811
"mb90" 0.815052776502983 0.0332120886620148 0.757847761749263 0.206651845264439 0.0982924422728862
"mb91" 0.742942526282085 0.0349653282836165 0.659482975763282 0.219890302422534 0.101533906633681
"mb92" 0.687708904495437 0.084323838577626 0.0313906310611597 0.174804466186654 0.087631723867594
"mb93" 0.852007882041177 0.0290641179430875 0.874916551598215 0.18664594100984 0.0921980270558016
"mb94" 0.711851239542911 0.0648181539302883 0.28053570275691 0.17560474219231 0.111786046349291
"mb95" 0.719548995759508 0.0568026686376336 0.405040563493163 0.184741188840115 0.122200667735146
"mb96" 0.692876554782705 0.0849537678242325 0.0313906310611597 0.175300248886161 0.0853783657214707
"mb97" 0.734274059246606 0.07712967345605 0.167271215254368 0.20435271194741 0.114637980539072
"mb98" 0.775606618462494 0.0523932567376138 0.472131703965283 0.198834273780695 0.125359484570706
"mb99" 0.752166609399458 0.0471549804906446 0.49167618932622 0.219829509882833 0.126157222306558
"mb100" 0.804171668667467 0.0514948557419594 0.523636215533514 0.23911253483068 0.13870606447395
"mb101" 0.613059839231307 0.0815841234555321 0.0209009836461952 0.153406775562877 0.0734104918392463
"mb102" 0.623229849374791 0.076190625985472 0.0209102771940132 0.148009998225581 0.0673369997217092
"mb103" 0.696448962472513 0.0720337283864702 0.175692721071442 0.17404368476094 0.0889116294889079
"mb104" 0.689528187637478 0.0377111182846338 0.520701120541269 0.169305035775148 0.0933139264290779
"mb105" 0.59833380188265 0.0775911080828238 0.020896511325002 0.143276719398133 0.0682017076631121
"mb106" 0.78920508270404 0.0491380549513339 0.583173579962653 0.19118254322519 0.124203149763926
"mb107" 0.70247188544003 0.0631962116265469 0.259630312599706 0.168232315046559 0.103837864528861
"mb108" 0.652273470722931 0.023893007063111 0.646264483409223 0.15010427849414 0.0681291374881914
"mb109" 0.733381511048882 0.049265343428493 0.390535461588382 0.185567853112141 0.112526049277758
"mb110" 0.665002642990154 0.0713394824916548 0.176469915713001 0.161677280441779 0.103912412171788
