"quartet" "cluster" "phylo" "mutual" "shared"
"mb49" 0.705617999153162 0.0519319221264243 0.378248591899904 0.195857534971712 0.125170892430949
"mb50" 0.754203262233375 0.0322416198130746 0.715924949072896 0.199315678325623 0.0919007348918258
"mb51" 0.682119573161818 0.0648175738337043 0.205991618526226 0.168565437565261 0.098445752006045
"mb52" 0.632578416388633 0.0702762000808534 0.144075220701526 0.15491593512585 0.0891681743662312
"mb53" 0.983070539419087 0.035500207035166 0.98957260662244 0.231870344491674 0.116767897591775
"mb54" 0.88145 0.0416297799548465 0.778728824502119 0.259092569485269 0.126444415754329
"mb55" 0.891654465592972 0.0293600959021522 0.893574482158648 0.190254360684385 0.0939458965167355
"mb56" 0.912944263791431 0.037487449733758 0.822888426928642 0.234468237164384 0.110881652877098
"mb57" 0.850462707605565 0.0344393270007684 0.77878073457119 0.212447355748821 0.0998142198216842
"mb58" 0.80902511547884 0.0497654115971364 0.560202825291417 0.226880648576991 0.128805515708835
"mb59" 0.683413152204195 0.0448190420482539 0.467110846759783 0.163850969336987 0.101140301778074
"mb60" 0.854417670682731 0.0337715155812584 0.810546632706673 0.21148102760301 0.101627365865168
"mb61" 0.84204 0.0490875869316244 0.635220359991373 0.225494126289103 0.134597066626895
"mb62" 0.883619435554262 0.04135629499685 0.822888426928642 0.256749988516456 0.127512304700053
"mb63" 0.661578337549664 0.0732723624170681 0.156317160419223 0.164749571109313 0.100086667935112
"mb64" 0.734394337673496 0.056491713333052 0.375600013361582 0.20262684071994 0.128708244475286
"mb65" 0.733133374665572 0.0770367987291217 0.177032278416609 0.189617351972038 0.129547294709571
"mb66" 0.654459558894212 0.092017232235284 0 0.159928355379533 0.0822051242107661
"mb67" 0.811588111678175 0.0326032450962768 0.829898718548917 0.208909514834614 0.102654908749631
"mb68" 0.778963337547408 0.0363146328036276 0.673465418212699 0.218270458746815 0.104001995390355
"mb69" 0.743297157844642 0.072346888038434 0.250040025293369 0.191277199491483 0.126342317976044
"mb70" 0.684436066837211 0.0588193379367836 0.266215886031651 0.174892619134785 0.110688690978477
"mb71" 0.697160738818501 0.055234083461545 0.3840615895254 0.176285307627222 0.112492101618566
"mb72" 0.935888888888889 0.0338657681240612 0.916736134959023 0.218366914709325 0.107099738663192
"mb73" 0.74788339670469 0.0381027275450942 0.666528897714292 0.228151239522331 0.109856344525344
"mb74" 0.684171768715511 0.062315818509371 0.146099462831236 0.178869143734936 0.104848295597147
"mb75" 0.859838727741068 0.0373588502266409 0.778832644640262 0.232466390767288 0.112607707414373
"mb76" 0.754259272242866 0.0300744701823762 0.744491609052837 0.187129367551263 0.0854983684032095
"mb77" 0.709203597127056 0.0602654972207111 0.231695337343871 0.188744751018497 0.116234197089097
"mb78" 0.614347835233095 0.061068078726974 0.0625204184819829 0.1474672053882 0.0780131818090795
"mb79" 0.655804226795557 0.0661401001976451 0.208381266185023 0.161342303052585 0.10377756633497
"mb80" 0.638693231367814 0.0854374893063326 0.0104584430490619 0.162466472057914 0.0843997463287628
"mb81" 0.61924748713609 0.0707646414204854 0.0628144687359023 0.146267785465318 0.0809628357389314
"mb82" 0.740749226715546 0.052011147180917 0.420956771138676 0.19359965926923 0.112538904749053
"mb83" 0.681533963438463 0.060929451184008 0.215939524029313 0.168871688070346 0.0970149309855139
"mb84" 0.771669314179156 0.0319513020981319 0.736790754082123 0.194280520048404 0.0905883946383989
"mb85" 0.751895396110318 0.0337934705210807 0.677304376556743 0.209725145001677 0.0959955264753099
"mb86" 0.753173550587344 0.0406132429127546 0.606984482639099 0.188461099230518 0.116253606635353
"mb87" 0.767522377976693 0.0308562152289717 0.718614493153037 0.181866627769586 0.0839826419890296
"mb88" 0.634349722028232 0.0836014527432374 0.0104584074194122 0.161129489773602 0.0762818013986059
"mb89" 0.629622673103553 0.084907696917811 0 0.145474083397349 0.0612415951380667
"mb90" 0.625589156757476 0.0706863994698381 0.0740336084304783 0.150160188552219 0.0815575043397914
"mb91" 0.725144906179389 0.0540764143210074 0.405517067733657 0.177843676100424 0.125563032564608
"mb92" 0.83646542657729 0.0554536462014753 0.593808157307261 0.212838348886261 0.145452324544097
"mb93" 0.650952480636383 0.0530738885177374 0.320704089790901 0.155175281580854 0.099690067751578
"mb94" 0.674530168150346 0.0362955801967329 0.533420768908026 0.161907477949346 0.0870369946400871
"mb95" 0.653865405187897 0.0654958809586834 0.164441146128053 0.158989364452982 0.0850025660060071
"mb96" 0.64285373340002 0.0676776833732454 0.154347798208182 0.156618431592134 0.0886601659842918
"mb97" 0.722136178512017 0.058311554846386 0.30231024734821 0.181019861822744 0.109387196725527
"mb98" 0.625138558921721 0.070276633446738 0.0941004039641777 0.14446904448024 0.0762021339195259
"mb99" 0.693420827633379 0.0724807983346634 0.135401420209065 0.169332124194345 0.0939834953703928
"mb100" 0.735579981860761 0.0588598815059958 0.375476896457583 0.189625256573898 0.121202333354959
"mb101" 0.618031848799948 0.0683890106384078 0.114132246140118 0.145677130637542 0.0755163495138258
"mb102" 0.68907177680166 0.0389506958292342 0.529073970516225 0.174018680525889 0.0976915689152691
"mb103" 0.799729625337968 0.0230912400569359 0.695423694421912 0.145854488859122 0.0687953169189787
"mb104" 0.612983564704005 0.0722955070779669 0.0418868030290498 0.142187389507824 0.0739579924465152
"mb105" 0.695949261271739 0.0438472933879944 0.427351558134392 0.197053664185763 0.115188118211349
"mb106" 0.603996284404596 0.0605923635557173 0.0624795711412291 0.139571096927798 0.0692920277627083
"mb107" 0.645276908675375 0.0486777106021543 0.335417400446323 0.152786282716633 0.0958646366845766
"tnt1" 0.701838628616923 0.037880213042086 0.539489988852791 0.165127242953792 0.0912338658035993
"tnt2" 0.671952736318408 0.0602057746620169 0.205540856876588 0.165506513934794 0.0928752025037139
"ufb1" 0.761481265490596 0.029703640375425 0.75792778116246 0.185248970379465 0.0844490354021302
"ufb2" 0.60917174796748 0.0448162420165212 0.30358373674226 0.140491481812521 0.0870855926970549
"ufb3" 0.619165929548884 0.0538041873770625 0.238259200581573 0.14589792742502 0.0928654396598384
"ufb4" 0.765281690140845 0.0275615106218425 0.801930897275408 0.172272335666144 0.0822751147549892
"ufb5" 0.640139987827145 0.0298682836394001 0.614547212805996 0.174226880210877 0.07511815842296
"ufb6" 0.674018086111486 0.0386010077759554 0.510310386180161 0.167967136619252 0.0977883238581892
"ufb7" 0.727215800871448 0.0461341765513163 0.479770014984499 0.175699934904952 0.118635477129247
"ufb8" 0.78166044101699 0.0344399377431435 0.723588867357637 0.164115223359289 0.0946414769931152
"ufb9" 0.739471132774627 0.0478738388496726 0.528060388392926 0.180644854065302 0.12065692922229
"ufb10" 0.788652646964409 0.0604079169723432 0.447987602357337 0.198063241731287 0.13473967244728
"ufb11" 0.609028742569522 0.0708114646055565 0.0521328206586424 0.146380770419258 0.0771901796379318
"ufb12" 0.638607573270682 0.087179838098923 0 0.153347031878111 0.068063072075874
"ufb13" 0.734975127564636 0.0513804758966644 0.396584750641744 0.189560099461548 0.105258532745699
"ufb14" 0.727181534769824 0.0638473727712117 0.270872143186184 0.180791708638713 0.114812942194617
"ufb15" 0.654376543316468 0.0620880629525225 0.263206687811562 0.158417909064702 0.101150782237853
"ufb16" 0.681863201304634 0.0607982818465491 0.282115181479384 0.169330675748527 0.114715900403114
"ufb17" 0.691101247093638 0.0452311626707791 0.431391615338622 0.16539149277694 0.104055398407827
"ufb18" 0.621914085938003 0.0710179527136529 0.0844436666494729 0.142223162815342 0.0764632767821204
"ufb19" 0.828247622045828 0.0404994954198615 0.72902253414238 0.191686646583145 0.114228877227723
"ufb20" 0.68455580387406 0.0606021528232909 0.272062311155939 0.166862493793729 0.108639450257163
"ufb21" 0.623416200419142 0.0730538024729964 0.0835543266695101 0.142206048552865 0.0801302494541874
"ufb22" 0.71122062982542 0.048430771014067 0.442034758130031 0.180055414474269 0.104582975392079
"ufb23" 0.832433224482961 0.0447202372077402 0.645827422209639 0.205992652102042 0.124277057262008
"ufb24" 0.616982392173497 0.0818368965510151 0.0206452366642082 0.138990333685122 0.0587738916112839
"ufb25" 0.563011820888483 0.0630849124045288 0.0307142441251157 0.124607502680994 0.0584168232132805
"ufb26" 0.568459085965039 0.0649820216608953 0.0307561872277913 0.125457202485698 0.0590655322108889
"ufb27" 0.602704471503498 0.0781980896377624 0.0204018622952525 0.133321466336042 0.0588383452781498
"ufb28" 0.649936408226257 0.0896836889026491 0 0.159532532390524 0.0802082317910859
"ufb29" 0.706136576239476 0.0425381544759071 0.470479878270856 0.194320303520865 0.114471924314097
"ufb30" 0.642560471962546 0.0834748957921492 0.0104553431575285 0.159622500590546 0.0742089297744043
"ufb31" 0.641208257229764 0.0707231572102001 0.115599231624903 0.153084884461257 0.0803535543248257
"ufb32" 0.678908178543968 0.0566861754780383 0.210791796647886 0.177602660554683 0.105352713439233
"ufb33" 0.658715017999038 0.0483477469197188 0.374583168348378 0.155546203355056 0.104858826498275
"ufb34" 0.673007327067837 0.0677905680616293 0.20935655296167 0.167730277736284 0.109706234603429
"ufb35" 0.657842409366532 0.0690274937884425 0.180809868580775 0.16218827440991 0.0948208707955213
"ufb36" 0.648106070498925 0.0464215333362988 0.398566256025614 0.150426436933652 0.0952189525479099
"ufb37" 0.703657896709392 0.0435645735589249 0.476951274566559 0.19456847964913 0.113301310404888
"ufb38" 0.644787977907731 0.0833553580446327 0.0104553818286054 0.162883948700158 0.0777867501202263
"ufb39" 0.675954160438465 0.0429844171843442 0.385219677739801 0.185708799591996 0.104275918724079
"ufb40" 0.738274965969558 0.0458653193848123 0.480981705926544 0.19444500737917 0.115916109414569
"ufb41" 0.740183699465886 0.0417268004466857 0.510489756306167 0.184610044595113 0.102777066322947
"ufb42" 0.631991458039893 0.0363355012953521 0.460723718991506 0.165941676556886 0.0927257618798727
"ufb43" 0.60552685329809 0.0410594258194991 0.33232338302508 0.152197120675614 0.0946110752415085
"ufb44" 0.817642512480939 0.0434947236435712 0.63551840053262 0.199816371141382 0.122677572295459
"ufb45" 0.70777514039252 0.0465150919448311 0.432620443507109 0.174022417021212 0.114017506091784
"ufb46" 0.641692885780551 0.0709571092229528 0.11440150272633 0.151074223977649 0.0772789260475881
"ufb47" 0.673014291735316 0.0408624694686152 0.423602378435737 0.182348219419125 0.105754957624753
"ufb48" 0.676321460261123 0.0300199310342859 0.631578077987031 0.183107022786319 0.0824216722211343
"ufb49" 0.64308082106063 0.082279976146278 0.0211206409428245 0.162425309245486 0.0810147465536896
"ufb50" 0.745904565467455 0.0462797845163776 0.486933096231946 0.201677304021603 0.119116257320984
"ufb51" 0.613526687987761 0.0458758480216326 0.319538583090058 0.145524113543344 0.0956392267834672
"ufb52" 0.640459883429323 0.0569065029650958 0.249108913363868 0.152915899799741 0.109371950472683
"ufb53" 0.624066197957353 0.0504001348340752 0.281288854695566 0.145289397460668 0.101310029396541
"ufb54" 0.698916465719671 0.0502814991729786 0.333965214992871 0.186155149175425 0.0983773321440746
"ufb55" 0.689728685066471 0.0608220466390871 0.197971952270514 0.16858294558085 0.104142639848516
"ufb56" 0.703942652329749 0.0456957373958346 0.420631336461604 0.19602009337517 0.114286267966336
"ufb57" 0.629822972095812 0.0843007532129136 0 0.145058238432383 0.0610691610284072
"ufb58" 0.633032687039081 0.0560377217793195 0.2734845668351 0.151859808831378 0.0960005416361536
"ufb59" 0.632517378909616 0.0595203246495135 0.223078733939709 0.151806775291042 0.0968359372182585
"ufb60" 0.796380090497738 0.0415583860872112 0.656318543018949 0.194389611543547 0.115175345040262
"ufb61" 0.745044733330038 0.0391526019880687 0.613531869411536 0.183437415520645 0.108763623795067
"ufb62" 0.812008637497641 0.0443257104417693 0.60417189553879 0.202711259162503 0.118813869514035
"ufb63" 0.635226388316623 0.0856686219474384 0 0.14851955660172 0.0623423793810054
"ufb64" 0.633830145711059 0.0599217099144103 0.0737213321645631 0.155634451558085 0.0787357561364819
"ufb65" 0.615365626441832 0.0589023567276395 0.145063589222324 0.13851965048397 0.0770198957651198
"ufb66" 0.609795954132793 0.0785665068248764 0.0306069452682012 0.142284120171501 0.0582216463492588
"ufb67" 0.718104935773172 0.0425735424590109 0.476695878247137 0.18908060349661 0.113006012583521
"ufb68" 0.613383177570093 0.0290722897572768 0.599969089933506 0.171137036460682 0.0741810149071623
"ufb69" 0.714722758367143 0.0466297880607575 0.461493415268731 0.173911242006386 0.117599535041126
"ufb70" 0.624174806007026 0.041897817607778 0.39781492351631 0.153133530309151 0.0920386686123411
"ufb71" 0.6330100538235 0.0346890291759497 0.489816859793575 0.152287662748918 0.0849725869534166
"ufb72" 0.581667911841614 0.0517381905852218 0.11486659823034 0.136678462011503 0.0757771920626828
"ufb73" 0.588778316092707 0.0551436048221101 0.0842899050834054 0.137137970517589 0.0771444783463312
"ufb74" 0.636326050238554 0.0834210900525999 0.0105643424391879 0.16177853228031 0.0789968222636823
"ufb75" 0.7641349276646 0.0462065864202774 0.614336893775734 0.178984514263286 0.118240084134222
"ufb76" 0.664792576419214 0.0323600754851585 0.619474514547772 0.195121813730533 0.090567290107638
"ufb77" 0.71524115755627 0.0297930163246915 0.687487594999862 0.182624192657335 0.0826497295055404
"ufb78" 0.746075461305425 0.0397410520482654 0.645461752554 0.154786198224125 0.103358843829567
"ufb79" 0.589451070449663 0.0340981797971097 0.418318581777052 0.150222978851011 0.0803286535749507
"ufb80" 0.663620042435123 0.0340966619740915 0.586946751146672 0.205321801177196 0.0951924421273202
"ufb81" 0.631286566987767 0.0306605564930001 0.554204615904554 0.181048009683572 0.0820798089121783
"ufb82" 0.699168556311414 0.0384725519250616 0.515657611947546 0.169638697386943 0.0936548109544555
"ufb83" 0.610978748683021 0.0796732474530987 0.0206452366642082 0.137075813438345 0.0547640538193954
"ufb84" 0.66333182159707 0.0512948318786958 0.245871510785495 0.166246004920788 0.0870077331294954
"ufb85" 0.657430427378318 0.0713127619135226 0.104317461630469 0.164641086690185 0.0951007242174243
"ufb86" 0.615642791063556 0.0796616593459738 0 0.145524928967996 0.0659905870169961
"ufb87" 0.606746619952387 0.0438961207974386 0.3311304309553 0.139307965507305 0.0829971584555769
"ufb88" 0.650342424831716 0.0688050722855351 0.166813500306781 0.158349155415376 0.100202013818774
"ufb89" 0.657352383360728 0.0532241024837991 0.316738227203954 0.159752767159749 0.106985752207054
"ufb90" 0.626975678526938 0.0828022749764647 0 0.150177553311221 0.070328975505527
"ufb91" 0.626850906432632 0.0821059603157767 0 0.151929935061987 0.066467591579082
"ufb92" 0.625188334365036 0.0508899969191468 0.30354860709541 0.147882081203308 0.0942844928892073
"ufb93" 0.605322218659827 0.0334823365068354 0.434733804314615 0.144235780493633 0.0765846310426581
"ufb94" 0.615416200603169 0.0391138507075966 0.402325344140548 0.140596193366752 0.0862668920211084
"ufb95" 0.645238764403792 0.0359263760831474 0.502113113781077 0.159225827743748 0.0874009182704123
"ufb96" 0.663924084612907 0.043149542475799 0.437251491791266 0.158035627718049 0.099022975779978
"ufb97" 0.724309807712966 0.0512676002616942 0.375800510373865 0.188507614890256 0.104243211932101
"ufb98" 0.620603350624171 0.0807395812692713 0 0.14532796167169 0.0620332404698985
"ufb99" 0.641700851431013 0.0632979354224027 0.186918767617041 0.152931846169772 0.0964315363082856
"ufb100" 0.671980383705895 0.0538480088565784 0.315005757656399 0.159141812447666 0.106752762629142
"ufb101" 0.633950529334878 0.0858205638517258 0 0.147557303182711 0.0611570983276212
"ufb102" 0.613614937823476 0.0801747808043579 0 0.13654082733068 0.0567816163614956
"ufb103" 0.621305966874381 0.0482846415036942 0.310620925399402 0.139340769620461 0.0871994119052342
"ufb104" 0.631763040971734 0.083717832212305 0 0.148033086600614 0.0627452951940159
"ufb105" 0.686105904825777 0.0556689301934955 0.348898739623141 0.165182872271314 0.105095883118039
"ufb106" 0.672545045350398 0.064240381915919 0.25154135209947 0.168725321670631 0.112298580740153
"ufb107" 0.632040260080905 0.0710145021984724 0.115607065966858 0.146199871751607 0.081082907056873
"ufb108" 0.631652597842279 0.0663912561336486 0.0834117446832005 0.147107829416987 0.0800336628818882
"ufb109" 0.768065186430389 0.0384387151487436 0.656078473182179 0.178667243814308 0.102816349483307
"ufb110" 0.766925465838509 0.0297030335883652 0.720404686343784 0.182513375470877 0.0824482123653726
