"quartet" "cluster" "phylo" "mutual" "shared"
"mb49" 0.653521437651406 0.094113306343263 0.0100531971345473 0.172398992021317 0.0600415449193236
"mb50" 0.825305678833439 0.0513786118853622 0.643944598098658 0.24167722341565 0.148027915521041
"mb51" 0.666728516167679 0.0934011032666277 0.0311123318560032 0.182882489690294 0.0888181035844863
"mb52" 0.924417271685136 0.0281042197025594 0.916723398076336 0.181768595150014 0.0881828448717253
"mb53" 0.75931850172751 0.0469999065260804 0.543992907891091 0.214857254431156 0.121844406605635
"mb54" 0.658430507611894 0.0791447235964569 0.0613187238933075 0.167123993606678 0.0783432670892876
"mb55" 0.688103305902788 0.0712543952474319 0.177581543179394 0.176152788326174 0.101653498899202
"mb56" 0.752961821835231 0.078842015657309 0.259305770270646 0.203015099860958 0.147764790230273
"mb57" 0.720430563207187 0.0396803403683331 0.546492838817493 0.179994934389969 0.0998936032314555
"mb58" 0.825790704769653 0.0391624612109388 0.72020146243962 0.237218428811816 0.11613016619026
"mb59" 0.74267373437728 0.0532257702636906 0.436741871471398 0.198649586567757 0.128751069788718
"mb60" 0.973233966621182 0.0365816716656058 0.958284046171664 0.236936816541191 0.118982734011557
"mb61" 0.680733908871015 0.0720133678149779 0.156452339513433 0.181160580213769 0.115207863811531
"mb62" 0.811631944444444 0.0374403752284728 0.760390162023832 0.232175940394715 0.113897570235377
"mb63" 0.824125952487674 0.0352833699957154 0.755259132586513 0.219160965409472 0.10341757128252
"mb64" 0.740149738408804 0.0695520893577345 0.27009790067957 0.203572944519846 0.121856939884927
"mb65" 0.825547445255474 0.038107377253099 0.776506728688769 0.237316159267719 0.11517957587345
"mb66" 0.835114045618247 0.0312516658788148 0.821055699448285 0.196784095684883 0.0948407091259897
"mb67" 0.674178131788559 0.0487450879228103 0.397314365946449 0.158710430858669 0.110288440949305
"mb68" 0.800680419051733 0.0339737281544301 0.787220647110725 0.217506021864005 0.104874968961989
"mb69" 0.826964878160394 0.0368049645544826 0.726158619219108 0.225304925072019 0.10576511302949
"mb70" 0.801747463359639 0.0370653754928249 0.69130647108639 0.220916788088959 0.103982340490501
"mb71" 0.821527138914443 0.0387395179527217 0.736748888660599 0.236372297077563 0.1124928873845
"mb72" 0.674720729313792 0.062997946919477 0.239020252836111 0.184978138971684 0.126569326341293
"mb73" 0.893095214406527 0.0384940476920631 0.863105268656069 0.246787704038602 0.122054058372382
"mb74" 0.677377259880522 0.0771610824633871 0.103622487085836 0.175727631429873 0.10220388092761
"mb75" 0.778676423390462 0.0323736455264126 0.729051817345227 0.193404626670605 0.0930272769066749
"mb76" 0.650553080480409 0.0771159990184497 0.0727218935971092 0.167543370901873 0.0899142351496625
"mb77" 0.928110409228234 0.0297010501179499 0.90624186250095 0.186063319955052 0.0904743089424179
"mb78" 0.778239558678271 0.048116015500489 0.562876702182737 0.223393190021945 0.133856111987732
"mb79" 0.688086629072447 0.0765845526871105 0.145851977057103 0.182084703884976 0.111353539255492
"mb80" 0.745853774802868 0.0562780849587195 0.384507499149521 0.210665440298585 0.127565877258605
"mb81" 0.737541206753069 0.0627004090394929 0.314689379772249 0.206486468739662 0.121149766691307
"mb82" 0.753581661891118 0.032399482698871 0.712711472083661 0.201727919425215 0.096097563893201
"mb83" 0.730052995237137 0.0602154719952672 0.373389702022804 0.197311803211493 0.129427164817644
"mb84" 0.674232047148406 0.066589290895752 0.177416075758631 0.178192444427935 0.115810430019905
"mb85" 0.782004389173372 0.0282185209090403 0.797806793089364 0.1762676658401 0.0834297782753994
"mb86" 0.667644759649699 0.0429459547586314 0.460834617930264 0.160814097599053 0.101457432279063
"mb87" 0.649135537607269 0.0497837334789 0.302339424838193 0.185406551744201 0.117058964904456
"mb88" 0.672047200001906 0.0713554601920852 0.167029981833067 0.168204780376956 0.100177764028121
"mb89" 0.739809582994188 0.0720398673320453 0.307915977841251 0.198500770309344 0.145158558908989
"mb90" 0.688197699190456 0.0247102504434868 0.569070972816885 0.152979892941481 0.068830108079017
"mb91" 0.615847074038151 0.08390312777007 0 0.150363825279097 0.0483705848014834
"mb92" 0.737820072466696 0.057263975919704 0.406993770299552 0.190842960533499 0.130272134460039
"mb93" 0.628665519703066 0.0749729920688579 0.0209368207345788 0.155766459760512 0.0801145315624491
"mb94" 0.625425329295826 0.0744800084873602 0.0104819165780999 0.153098363847746 0.060382193311052
"mb95" 0.809437631374841 0.0495273876640775 0.665637189284774 0.197684038866143 0.141123954036262
"mb96" 0.742810461173469 0.0796761391328827 0.196703697864997 0.196461238126948 0.122991391344489
"mb97" 0.680118832644026 0.0435648559742333 0.439787748190879 0.160570397806474 0.100499446203161
"mb98" 0.637274889805224 0.0769204160659485 0.0622917454716596 0.160824395230243 0.0716479293027701
"mb99" 0.723836745970184 0.0509504407415284 0.424559146172355 0.189939413992296 0.124647192242905
"mb100" 0.639239697214439 0.0767537685102954 0.0211491751553354 0.162947806702172 0.0860193897412033
"mb101" 0.698865157589236 0.0676979400625094 0.190543069875602 0.179741696337503 0.0951752629501873
"mb102" 0.724766973267296 0.052384152049158 0.477400572305027 0.195583585163741 0.133833021956018
"mb103" 0.627517332120856 0.0755934627366819 0.0412335725287965 0.158148497732421 0.0680059423843192
"mb104" 0.718265128265449 0.0496486855119907 0.405289516102022 0.184894668792495 0.108566273838492
"mb105" 0.633440420731032 0.0781729862062076 0.0308135253554403 0.158944463925563 0.0767966357808903
"mb106" 0.74403572065064 0.0631099551704496 0.340871776105566 0.189367232334227 0.134472363046525
"mb107" 0.63158223680199 0.0737047546650687 0.0525212029138394 0.157115547110929 0.0778322991632567
"mb108" 0.637356333673592 0.0756024544504115 0.0105905993309793 0.156152353675368 0.0646496833757852
"mb109" 0.648782929270734 0.0875914388001234 0.0311353287576376 0.17273316451963 0.0901473247644292
"mb110" 0.637864312136277 0.0757094460171771 0.0620738863162559 0.157890064105707 0.0627192542251855
"mb111" 0.67467422710444 0.0686249001619019 0.134787162982843 0.177028794893328 0.107006470690194
"mb112" 0.827831174258253 0.0293974355599692 0.833445628341723 0.18436840312868 0.0876951974548297
