"quartet" "cluster" "phylo" "mutual" "shared"
"mb49" 0.777469187557642 0.0572241025134783 0.468822302172075 0.219583062855999 0.143344137618654
"mb50" 0.707683260745723 0.0473170538468569 0.466444322237646 0.220446490349735 0.134264483432915
"mb51" 0.720707068214016 0.0663526932811075 0.250019608861359 0.191250652995766 0.113303205542041
"mb52" 0.877260773895776 0.0363470779907263 0.854172015923191 0.242931615869561 0.118795763591762
"mb53" 0.746545974273464 0.0677402674185019 0.291571890503431 0.205857236163429 0.140808005193795
"mb54" 0.823642704700432 0.0382426253990224 0.723402023799104 0.24759135811675 0.120215896546885
"mb55" 0.927242524916943 0.0372726528595693 0.882963660643955 0.253068200127967 0.123650130906388
"mb56" 0.697262048870694 0.071413652156189 0.164246108811647 0.181711319837417 0.109701956918339
"mb57" 0.604192749554638 0.0855246276598531 0.0101839332627932 0.148919549084507 0.0657756197803901
"mb58" 0.599653326462326 0.0686904580408214 0.031221423749841 0.150067680967234 0.0797383120901757
"mb59" 0.702428169923114 0.0691497952305477 0.187703288458216 0.189020541489457 0.120116540243584
"mb60" 0.802722631877482 0.0364939047049406 0.718664946821257 0.231635891963087 0.109638586449634
"mb61" 0.950785773366419 0.0307296123314697 0.927086007961596 0.206143187433607 0.101187777174589
"mb62" 0.815223026555809 0.0481745216272794 0.621585568570964 0.229942450569521 0.143010745943562
"mb63" 0.827447523552421 0.035431790183944 0.750038514646978 0.226360593086605 0.109902758318846
"mb64" 0.821301637242906 0.0362480727823226 0.744586011461939 0.23316996018214 0.111838115690927
"mb65" 0.753888674636843 0.0318959064599647 0.712705148525596 0.205237899684722 0.098548212881466
"mb66" 0.809682973766839 0.0374810370320003 0.687496790446085 0.231712752812325 0.109291662180567
"mb67" 0.746121297602257 0.0384900355202757 0.663207600939734 0.244725652598397 0.116065386400276
"mb68" 0.880691293142655 0.0398741575074402 0.843748395223043 0.260467059765307 0.130071343234571
"mb69" 0.741706600879826 0.0537005619714319 0.447904960600712 0.207231424731832 0.141860756667504
"mb70" 0.62931274800615 0.087979333625306 0.0207495381801791 0.157495971777692 0.0709930159564175
"mb71" 0.986574531095755 0.0369631795243014 0.989576379299851 0.251789049365917 0.126619894275861
"mb72" 0.701213873680811 0.0546674808247145 0.385042541947518 0.187812317526783 0.112117250638179
"mb73" 0.709878367120244 0.0791871299156984 0.124867394512418 0.193956036241126 0.115833599642737
"mb74" 0.881693971378618 0.0304527032175836 0.895815145861149 0.205614863472583 0.0998046328923275
"mb75" 0.695545131602408 0.0556009501160237 0.365915767661664 0.19049141060558 0.13194605704343
"mb76" 0.744498055742177 0.0430837189419696 0.55319664391416 0.204451363792949 0.121969943796982
"mb77" 0.642659578732497 0.0661390756606867 0.135746670500637 0.161185291284021 0.0916206497007285
"mb78" 0.657767875644119 0.0779821014636978 0.051999318099013 0.176153126792848 0.0953805093354712
"mb79" 0.744001515406634 0.0617841556846515 0.31250452422542 0.201896051230897 0.119517806436953
"mb80" 0.848200570550801 0.0376518764244541 0.770834403184638 0.241299224159471 0.116533408297947
"mb81" 0.623647012306628 0.066129299240317 0.104368370799988 0.16254873151637 0.102658765107034
"mb82" 0.63467468263095 0.07821368928461 0.0312039342754109 0.162119463548226 0.0769646525669525
"mb83" 0.759128289473684 0.0461200811228841 0.510276422256392 0.21001691401691 0.124983099461022
"mb84" 0.632623388513694 0.0798585009227538 0.0208838882253714 0.161626866882593 0.0740136430950726
"mb85" 0.712162642947903 0.0509408790510359 0.354074395323257 0.19120289500077 0.120975467060877
"mb86" 0.754872974156811 0.0331242082193913 0.718819005409169 0.211729948780672 0.102049477210104
"mb87" 0.730948208134405 0.0321048213301597 0.687445437583448 0.203736158681022 0.0907832029888249
"mb88" 0.721374004413383 0.07556908813745 0.17702025716859 0.195412256627403 0.122629015490196
"mb89" 0.725844157169934 0.0706183740178712 0.228996108897199 0.198139231870161 0.131824809487896
"mb90" 0.576079025557425 0.0650111395616799 0.0315380499725829 0.137802066804087 0.0554767267013391
"mb91" 0.665578442473823 0.0703946824215006 0.122757060319245 0.169473686315354 0.0898337055743429
"mb92" 0.729014901578726 0.0505039471566593 0.458166949859683 0.199750143467438 0.118958199939782
"mb93" 0.720205045372458 0.0495746104837738 0.423956378402852 0.190962653218645 0.112490741936146
"mb94" 0.82656595431098 0.0524479519665084 0.594116054081379 0.20673543347512 0.140383995265633
"mb95" 0.66426769963911 0.0574872136331349 0.21603639289793 0.182891162344585 0.115910553204702
"mb96" 0.622364111195541 0.0651119401722245 0.114814867422431 0.151362203291722 0.080312889886274
"mb97" 0.68443770822711 0.0548942843606029 0.30064517334966 0.179963652702901 0.114515929452289
"mb98" 0.630554017768955 0.0801350417631332 0.0105506056872106 0.159494251279637 0.064737507358329
"mb99" 0.743244177206441 0.0294939475034257 0.71861359395862 0.183875419102101 0.0860113124205647
"mb100" 0.698540034146128 0.049018277679984 0.418928730275257 0.190296077136933 0.120865044933338
"mb101" 0.813126454615981 0.0553652442901918 0.573012380970652 0.219994962166721 0.156551071106948
"mb102" 0.623006566876129 0.0846237045043761 0.0207609575901241 0.152941793744527 0.068796142317139
"mb103" 0.590379257977894 0.0809698825422254 0.0103055397849578 0.138365301701802 0.0542847282373482
"mb104" 0.72441079034548 0.0438115220443113 0.458271551654798 0.200228949636697 0.116554755179234
"mb105" 0.722612778986826 0.0698153304614835 0.197880620952501 0.191664773875566 0.124147100433354
"mb106" 0.697708192416345 0.0416264061043178 0.4165134481039 0.184865415771816 0.107496824324954
"mb107" 0.700476251769855 0.0313111824187563 0.635378686945341 0.190584809227985 0.0877077485692971
"mb108" 0.815614729358106 0.0294768779422319 0.822901153822745 0.194367196318959 0.0933036009030041
"mb109" 0.7002456533534 0.0721146305032623 0.135304635866601 0.183999079904646 0.113263446656514
"54" 0.616465677656807 0.055962384420117 0.135319439395761 0.15427345845685 0.0971829170508061
"64" 0.614551517002647 0.0398912004176595 0.423889908528176 0.154392295102232 0.102409887604939
