"quartet" "cluster" "phylo" "mutual" "shared"
"mb49" 0.920324324324324 0.0346531259989665 0.885340172298364 0.234490096092803 0.114684172150938
"mb50" 0.825574189186651 0.0473108685609472 0.583189999839132 0.224183678467155 0.136214989167734
"mb51" 0.779538281274741 0.0546297400504138 0.468690092485995 0.214687575084774 0.133179923774649
"mb52" 0.848867361416899 0.03699654175381 0.802156618147722 0.244029728133149 0.120215903414232
"mb53" 0.945177859920311 0.0372486617632401 0.947933249361893 0.255393276368577 0.128170189333907
"mb54" 0.722647686059305 0.072082767537231 0.249932216658784 0.187949618274771 0.120531516197154
"mb55" 0.64334508558159 0.0889188091384055 0 0.164867600935206 0.0664148780705594
"mb56" 0.648317685882759 0.0775070228599321 0.104447255426699 0.175694438755244 0.0977602287098435
"mb57" 0.869925844548201 0.0374019957503235 0.810460222926288 0.246405885559746 0.121627202560165
"mb58" 0.781684829744711 0.0589364519357471 0.446517394130179 0.23166687515699 0.15309828563986
"mb59" 0.813626469307793 0.0405587269890586 0.72635293257035 0.265666715060406 0.128839052668159
"mb60" 0.745500349045437 0.0709461926347369 0.291649083391464 0.19848131771042 0.137343524757572
"mb61" 0.823176823176823 0.0355484258747521 0.778913502656445 0.236758630533466 0.114363871440693
"mb62" 0.903179522497704 0.0370090168128069 0.850977916265521 0.246697530128445 0.121704899301863
"mb63" 0.937726098191214 0.0324348098716887 0.914844523580298 0.222355548327505 0.110036676153992
"mb64" 0.759599514298387 0.0568020231283053 0.43616335304387 0.196909342505864 0.138899266341032
"mb65" 0.85828364013482 0.0358466345081563 0.812477533122596 0.237116850374826 0.117104692102124
"mb66" 0.72484067976633 0.0315635112353289 0.666649549045788 0.191620603941287 0.0907243725693395
"mb67" 0.729479886225112 0.0535167466216453 0.396734028317643 0.206107981015406 0.128958462138461
"mb68" 0.699310353895613 0.0855384955750285 0.072886376900351 0.192905673367315 0.114360680904021
"mb69" 0.870461490651059 0.0388063607889097 0.739460835358918 0.245226919309102 0.119937892530987
"mb70" 0.898601928027053 0.0366346485450226 0.854069310197917 0.244439174807051 0.119899502170435
"mb71" 0.704113430975382 0.0790478171639903 0.104188011587998 0.188848928769751 0.114540941074426
"mb72" 0.693269043444379 0.0615957102275653 0.198392154066071 0.185034118251893 0.106922344319863
"mb73" 0.827275304791608 0.0361828643108325 0.781155318159513 0.237570882356676 0.114964267287093
"mb74" 0.881014063656551 0.0320327443897448 0.86459563662334 0.213554027596495 0.104383576139379
"mb75" 0.722655624056473 0.0685434189100452 0.280157343148853 0.204123616261113 0.140215523211228
"mb76" 0.695193352908103 0.0740543216357923 0.208598101032894 0.198042032863861 0.122920105137371
"mb77" 0.806116062757623 0.0442900219955398 0.624829482567244 0.21518790201533 0.126730686634666
"mb78" 0.612536763613678 0.0782445228507262 0.0104422906126402 0.148708638441145 0.0652694170030272
"mb79" 0.593378393995336 0.0587260301055883 0.0730525677716487 0.145148455952863 0.0697330260504364
"mb80" 0.676131908152686 0.0842941191528857 0.0104511608745173 0.180462570044538 0.0866827031396538
"mb81" 0.7181212624811 0.057444467672176 0.265878023933479 0.194899039730919 0.106876014379331
"mb82" 0.69602285651893 0.0624234599046334 0.229347700656174 0.185439453045229 0.115668424614817
"mb83" 0.750790653491039 0.0491183499877866 0.462994769857339 0.195305541872579 0.12173880129373
"mb84" 0.68057160141661 0.0745084006038961 0.158110163026722 0.188522161749211 0.104599228824674
"mb85" 0.800651786263297 0.0352467880525828 0.676919111158025 0.220472484638302 0.102729985131669
"mb86" 0.805198480071146 0.0431352506913356 0.624888792978637 0.211887180621431 0.126330808262273
"mb87" 0.819643461581857 0.0362734400213516 0.708292678983746 0.231288377359345 0.110555721449958
"mb88" 0.702553398119478 0.0700045480967086 0.239959763481531 0.198578761236239 0.121763846687659
"mb89" 0.777621353756054 0.031987116901575 0.749884456059067 0.209938471002466 0.0978390494696781
"mb90" 0.837046172820473 0.0269419873803664 0.702532680462544 0.177907552938247 0.0835986704784348
"mb91" 0.57506148904411 0.0579768054416621 0.052135887687769 0.132222039567425 0.0605866433548425
"mb92" 0.631715792228436 0.0869663276260248 0 0.160462769631982 0.0670553894555527
"mb93" 0.746639816419238 0.0570549231250131 0.385417420704237 0.191566161445704 0.131223702903368
"mb94" 0.650166421201025 0.083232245158301 0 0.168430200464537 0.0731743540887576
"mb95" 0.794867088470924 0.051756931976024 0.593665303169855 0.211817695127999 0.145951365760058
"mb96" 0.741709658376325 0.0580522271262813 0.374846176335712 0.1972487305872 0.132424975244611
"mb97" 0.608581709466939 0.0763699248419534 0.0104420099859836 0.14662412076934 0.0655440980112416
"mb98" 0.69933537766715 0.0703488057645465 0.22943488338368 0.198093153405466 0.124839025874294
"mb99" 0.681926770857928 0.0832045833309638 0.0317523852386796 0.182507861605361 0.0890003766600351
"mb100" 0.694925244110886 0.0560497737542198 0.260734624905719 0.18463009820072 0.11058653509527
"mb101" 0.595676471688734 0.0695673929273333 0.0312575012750268 0.14693168780286 0.057805924801769
"mb102" 0.682735368640518 0.0835218443474416 0.0319888345315522 0.182831575408867 0.0915986193781309
"mb103" 0.687986970414283 0.0704306494435326 0.187445752300535 0.170935889468041 0.0975391948240129
"mb104" 0.696863724311039 0.0565691822530412 0.281700737375461 0.188595128063964 0.115438881531206
"55" 0.746392824645782 0.0443990195217874 0.54396732381134 0.212635273717301 0.127252146733444
