"quartet" "cluster" "phylo" "mutual" "shared"
"mb49" 0.857902019371528 0.051232386114172 0.642356263446735 0.241756817360245 0.150699952030084
"mb50" 0.739683750454822 0.0702047879106575 0.292624352090795 0.210832292246639 0.131854373065088
"mb51" 0.984980075610504 0.0391718371608268 0.979148451114666 0.263958725181801 0.133307363567514
"mb52" 0.888778342147981 0.0387714309170636 0.799989383677045 0.251927297363849 0.122223286648567
"mb53" 0.775698649716027 0.0460352789012107 0.572781985775618 0.222281698814713 0.13542813077585
"mb54" 0.716414950578756 0.0498487514170754 0.426901303730386 0.195950267952156 0.125183268362679
"mb55" 0.871873735329826 0.0269590458853658 0.895793619046564 0.179790633860038 0.0874707953300727
"mb56" 0.811743565350669 0.0375921149481367 0.70828376949826 0.240527712104545 0.116179743025489
"mb57" 0.71702644619209 0.0828591610158642 0.133098456261807 0.202202222901417 0.135829217403249
"mb58" 0.788485036760899 0.047076027886644 0.592062150500145 0.222343095093206 0.137535368672896
"mb59" 0.695185547409312 0.0859333543826426 0.041098588565447 0.191682979603196 0.11435815648317
"mb60" 0.700796375026443 0.0544754354240174 0.374736452085549 0.188727005106852 0.119498073149036
"mb61" 0.803622834954428 0.0594705175514332 0.471110174740617 0.228479352834337 0.147402330861147
"mb62" 0.749022730302386 0.0767754104653857 0.322160779122083 0.218710341035446 0.161282586765
"mb63" 0.605096152483371 0.0811540595736727 0.020926287794008 0.150845981003343 0.0782434859756917
"mb64" 0.840415116506755 0.0398412535275305 0.774184725748927 0.25830201476939 0.12481705623049
"mb65" 0.813183649971215 0.0317061916071593 0.812541513924931 0.20789475305616 0.10097657696582
"mb66" 0.737874347795011 0.0802798579151998 0.239821339261244 0.21247754662473 0.138393871925814
"mb67" 0.857282383103406 0.0360090152117357 0.747365937681559 0.230266623937221 0.106852459773149
"mb68" 0.744003423771324 0.0580667537327566 0.376058244497586 0.217754366296796 0.135838061849675
"mb69" 0.904620275883288 0.0402123936648345 0.829653111663391 0.259221783512142 0.131013752285315
"mb70" 0.874953479717157 0.0385256973627888 0.760361278238361 0.245053604155913 0.116179170257622
"mb71" 0.722026842416187 0.0707886646719314 0.250469469228864 0.206797625090405 0.126924103146451
"mb72" 0.670005058168943 0.0715441506491055 0.1670616684692 0.180495846542677 0.10509477952272
"mb73" 0.852379168227801 0.0379752553219472 0.810576355186306 0.246675294454351 0.122296572906558
"mb74" 0.848218969052501 0.0404006499965596 0.747262133831287 0.26116952706432 0.127327200321468
"mb75" 0.897324700708527 0.0333467750586162 0.874890706687995 0.217957039868743 0.106818202662284
"mb76" 0.77142764837011 0.0561596368275065 0.443249593975474 0.214925034122279 0.14533931249849
"mb77" 0.923388028657268 0.0344307269361159 0.895793619046564 0.230201292306633 0.111549851881687
"mb78" 0.668730786242744 0.0692867389686139 0.11429599140702 0.178537484703438 0.0931309794632835
"mb79" 0.731138826415866 0.029597744940316 0.694691769450576 0.183974398682924 0.0845497365097449
"mb80" 0.768372795124815 0.0640502184234555 0.313379034002754 0.207390527911854 0.13550039464072
"mb81" 0.668006223675112 0.0802914633008416 0.0202148990452494 0.174847989360572 0.074825250683006
"mb82" 0.748343716619638 0.0632241653633891 0.319536839366337 0.209542535102828 0.126072687751592
"mb83" 0.581542186450777 0.0787772506108679 0.0104582365170123 0.137332297276303 0.0648150361711312
"mb84" 0.608875060220087 0.0692147838268921 0.0835231556035473 0.147437498209517 0.0802367635120839
"mb85" 0.640142078786223 0.0767805333957343 0.0104651825433672 0.162736136722332 0.0688855976221126
"mb86" 0.738701482838069 0.0340533321201814 0.680774064274516 0.215320314941122 0.101517038321008
"mb87" 0.732658519011196 0.0603641424030816 0.415608639893642 0.207520064278855 0.149736978218036
"mb88" 0.825587033317171 0.029139437286645 0.820965222450115 0.191849695448873 0.0909249312945504
"mb89" 0.588848951614653 0.0701432982843581 0.0104608126007033 0.141149344725657 0.0670672775190088
"mb90" 0.703304294620807 0.0770179840821958 0.166688357689479 0.189214352641451 0.101360736492778
"mb91" 0.821107414605224 0.0591954934993382 0.478728045876411 0.225097690972939 0.140300293272595
"mb92" 0.633266985770832 0.0682130403812968 0.126521737241579 0.163477932129998 0.0894446058482941
"mb93" 0.777622116372467 0.047649368830419 0.518234930613125 0.222801866539516 0.125379366912743
"mb94" 0.644579284190567 0.0687225520464872 0.0829404675423425 0.166413243770895 0.0805702752472131
"mb95" 0.807130333138515 0.0488320999026142 0.565508026227504 0.232053114816284 0.131498868962379
"mb96" 0.624929216723148 0.0696211565258367 0.116035935812089 0.155580601301012 0.0874677755997399
"mb97" 0.686923914711966 0.069878176461086 0.189771213520796 0.187461831375137 0.110297838452585
"mb98" 0.583028604275382 0.0779981609269927 0 0.13738395022681 0.0618587178017364
"mb99" 0.823770233671348 0.0487252883687201 0.540443323919269 0.221281174133609 0.134737157037668
"mb100" 0.75850528602141 0.0547384015649266 0.387248828253959 0.204073779233261 0.123470870288792
"mb101" 0.81631383675251 0.0547656875261852 0.624776259690658 0.218571573513635 0.157574607163995
"mb102" 0.698330192969917 0.0317349585805982 0.63530334839959 0.196589666844073 0.0893211029733426
"mb103" 0.847832931052576 0.0350323381778622 0.799937481751909 0.228232487696173 0.111625579301699
"mb104" 0.640443243839241 0.0342600351706206 0.547293337736377 0.160501490810849 0.0878187192508955
"mb105" 0.598603673518479 0.0784168550520426 0.0209302633262058 0.145909829102006 0.0707841399430896
"mb106" 0.729462778314887 0.0588034320855849 0.405158798496189 0.199186038086032 0.138419350985639
