"quartet" "cluster" "phylo" "mutual" "shared"
"mb49" 0.686873758313898 0.061647380619383 0.280423891787832 0.176246819950406 0.106701816061719
"mb50" 0.875512133627482 0.0284727596765902 0.864546787149379 0.17940689449998 0.0853453181599082
"mb51" 0.701067416984882 0.0776280286914372 0.113995646366299 0.200324342741579 0.104919923723343
"mb52" 0.630162852362626 0.0842798112034714 0.0205614298111127 0.15650556765254 0.0781825992642538
"mb53" 0.865371895857134 0.0348672103235915 0.8228886337296 0.220558470417793 0.103606645739674
"mb54" 0.772578502531719 0.0628999476489706 0.340050206611872 0.229884828402978 0.154110105657731
"mb55" 0.86047158656187 0.0331797766692257 0.808486970377983 0.20812654636509 0.0990336522202322
"mb56" 0.643279886637556 0.073290406544382 0.0416360058333772 0.155642711143249 0.0949074167176771
"mb57" 0.874903432292241 0.0390873618550608 0.802033871325174 0.242392985821933 0.117142414888011
"mb58" 0.872459980398563 0.0315391642075851 0.84194934683863 0.196403752123711 0.0943761766375669
"mb59" 0.751246606214399 0.0732612689269082 0.207480201072816 0.217311640436093 0.125684521430825
"mb60" 0.782200357781753 0.0417583516311036 0.617026400796837 0.255109386864193 0.122568567942446
"mb61" 0.82804162924613 0.0396985471162477 0.723472338102367 0.241959582727846 0.117390331399413
"mb62" 0.790041956965241 0.0486287810266795 0.573610735475678 0.224116753553007 0.133842933608925
"mb63" 0.886912255733757 0.0373448571860874 0.842053166854278 0.232934979858732 0.114115484580774
"mb64" 0.812193038650438 0.0486739842581125 0.635339527986975 0.221572710663892 0.130832163594252
"mb65" 0.904305451429795 0.0413906195489714 0.833316014931813 0.25831558839229 0.128084816319371
"mb66" 0.987057904719402 0.0381135237914173 0.979145237595574 0.246630598586967 0.124600439955285
"mb67" 0.688649080735412 0.0486029388492438 0.395065918965016 0.175393642281241 0.103149620901499
"mb68" 0.689866041855786 0.0685094844133558 0.250238886373889 0.176464670947666 0.113159941939608
"mb69" 0.603599131424325 0.0816655529712837 0 0.141496185620414 0.0733545541658992
"mb70" 0.699044441760763 0.0662646803771073 0.296193601238353 0.184129598730143 0.125650678561514
"mb71" 0.718217668164334 0.0572818902056092 0.437191236217946 0.185148748065933 0.118022564499231
"mb72" 0.900399449937791 0.0303028977225484 0.905169608103178 0.19391819949789 0.0945432323328726
"mb73" 0.760584569095207 0.0325201056124208 0.670128499561824 0.193640706467762 0.0892838007571753
"mb74" 0.709848234704235 0.0492100884893742 0.45685297240319 0.185352061274325 0.118334530679169
"mb75" 0.822831999022184 0.0355059640398513 0.760272975127249 0.219765466449867 0.104160765304058
"mb76" 0.632119916171134 0.0707420528812023 0.124407559265721 0.150465548672956 0.0795283795896877
"mb77" 0.668899784316306 0.0700886994503297 0.166015389305027 0.16089095091779 0.0861688812309729
"mb78" 0.782843654885397 0.0350115485842596 0.702055869449615 0.21765671171731 0.101558312442294
"mb79" 0.867518118696467 0.0407043468319175 0.729093574298757 0.245976223877437 0.120113457712792
"mb80" 0.699214229152708 0.031693499454578 0.71582146422983 0.196697508042028 0.0932216717785397
"mb81" 0.670376960883093 0.0672985039385456 0.186883214953573 0.1621151866118 0.0924441629800505
"mb82" 0.749919109960675 0.0668881781947353 0.257469332540217 0.218311650884902 0.130341633893955
"mb83" 0.744480914174568 0.0531043702626053 0.489370362780828 0.197354667625857 0.118627012462531
"mb84" 0.812081716850877 0.0498665062781421 0.656854994007859 0.196940870829108 0.134027239171085
"mb85" 0.606166023042798 0.0698719306555209 0.0209238837550193 0.136685368695828 0.0695432566159741
"mb86" 0.614575778980007 0.0691486862917574 0.0209293531946692 0.139681733889585 0.0670793598922299
"mb87" 0.853573462414579 0.0293078596273678 0.85264178707286 0.187176198107223 0.0892314554029685
"mb88" 0.673937413161551 0.0495872311924041 0.310218344702176 0.15561892383546 0.093547841985922
"mb89" 0.624955814775539 0.0230170481058247 0.590055771802447 0.141749922847492 0.0645186516873141
"mb90" 0.657567305492302 0.0592618846233152 0.248887867556385 0.171171961662821 0.106712572674388
"mb91" 0.632467120900016 0.0278183164545542 0.610401272241075 0.15848745412807 0.0687954625441469
"mb92" 0.667358719993762 0.0733633984991648 0.0836316174959301 0.180590734831595 0.0867151191194876
"mb93" 0.662045610878882 0.0353872847381151 0.513411504047529 0.156877518203845 0.0891007489357144
"mb94" 0.62819583070557 0.0829654171205996 0.02074176010847 0.159337717266316 0.0696856112721565
"mb95" 0.634177813515305 0.064669122518666 0.103511295872613 0.149494279971879 0.0923131572326227
"mb96" 0.726660877116804 0.0415412088497824 0.512468829613102 0.180825899780289 0.10179390622826
"mb97" 0.61600890630259 0.0689802597301599 0.0315957981108211 0.141942152466465 0.0682007007192757
"mb98" 0.66445036031054 0.0621808808175661 0.220072764568328 0.161325705880612 0.085970465191178
"mb99" 0.613786277607487 0.0691755746712061 0.0415949541621232 0.141095849888789 0.0689155633280517
"mb100" 0.666833013334874 0.0671185903999384 0.199880257484591 0.161900751396504 0.0914512035632603
"mb101" 0.657237569060773 0.0276821608264866 0.670110801158843 0.165048897203714 0.0753325908701308
"mb102" 0.638256206794438 0.0658238626000807 0.146107520092166 0.16234898174315 0.104100030086748
"mb103" 0.665494883212249 0.0288277499163343 0.648761628924124 0.168198546588628 0.0739483295764622
"mb104" 0.5849114221201 0.0776591670715922 0 0.132281348543409 0.0681439114534909
"mb105" 0.664788346954261 0.0436002337961851 0.341255358338717 0.155059740469171 0.0905710452828862
"mb106" 0.669162213346043 0.0633585624409575 0.220243834904314 0.164568025332185 0.0960136772423371
"mb107" 0.633974923660268 0.0712264109555995 0.0211420022250951 0.147740972419637 0.0766364654311672
"mb108" 0.642611316417292 0.0712019901281908 0.052532285297726 0.15505910849 0.096473471480107
"mb109" 0.587881607920943 0.0662953279790002 0.0722166932466583 0.131740796785042 0.0678743903528263
"51" 0.569424256022171 0.0740136229810549 0 0.124861271957521 0.0652928604901549
"52" 0.611227585526478 0.0683601760586163 0.0736815943398659 0.139973675720019 0.0711130911655224
"70" 0.699083768049285 0.0462738776256295 0.394525960280814 0.167146693037557 0.0986987254785501
