"quartet" "cluster" "phylo" "mutual" "shared"
"mb49" 0.892033293697979 0.0354814849056717 0.843835061915088 0.233915634565044 0.112844908023456
"mb50" 0.837472249470804 0.0396101742707091 0.750012839534353 0.252146125531609 0.124058114048462
"mb51" 0.738141239908024 0.056462780350887 0.405672538929627 0.187374967265287 0.126950735728738
"mb52" 0.848645228096416 0.0346774529044759 0.789476415604045 0.226582680432613 0.108795895324145
"mb53" 0.641777805129859 0.0837951211993875 0 0.153315589766208 0.0677861541713173
"mb54" 0.722713417299522 0.0754624368098294 0.166440681347839 0.184135181524406 0.106861812612417
"mb55" 0.730223735827909 0.0678236752469779 0.239985254801314 0.206755366030598 0.132349244837779
"mb56" 0.824932144241954 0.0315717537252452 0.801982222000304 0.205955793883849 0.0975596902847744
"mb57" 0.819999190643843 0.0468625766597341 0.593625804093924 0.220954192908991 0.125774940229898
"mb58" 0.744930992173799 0.0626518553008201 0.30521002378561 0.208201051823429 0.129066818373919
"mb59" 0.62269385856899 0.0825992608030412 0 0.144797574563516 0.0506527100405538
"mb60" 0.986334745762712 0.0371521383172642 0.979150617248725 0.251640360540087 0.126298243901445
"mb61" 0.783921265066903 0.0379461689119218 0.652638680570518 0.239364940915162 0.110748512317494
"mb62" 0.901873560812225 0.0379815348844994 0.822831604751578 0.245068168551084 0.119576825807048
"mb63" 0.834671024174557 0.0380289667809703 0.747340560838738 0.244747902641157 0.118062869276741
"mb64" 0.617904623538946 0.0701076577167505 0.0414556752183268 0.152156082863991 0.0641712458389058
"mb65" 0.829812111926458 0.0451647152667893 0.665059740358314 0.217259583172131 0.134764547762444
"mb66" 0.641362186887283 0.0699812783969687 0.0832982791714661 0.171269116827664 0.0920884129504076
"mb67" 0.729786365393578 0.0726184339857492 0.24981006856749 0.195253760172223 0.131755992887618
"mb68" 0.696841841898762 0.0513027250824482 0.331431192248284 0.188615148639453 0.123782013921783
"mb69" 0.817677625662037 0.0398579859343331 0.739382715609069 0.252304595941124 0.124711020205925
"mb70" 0.908547519426181 0.0308300489027413 0.873592435704079 0.20260530734408 0.0995048516005489
"mb71" 0.720180548354631 0.0531117080611769 0.281611711400377 0.197348751296716 0.12302263544656
"mb72" 0.949637412208074 0.037414863303829 0.906280493894088 0.248301557691521 0.123510926250669
"mb73" 0.810023799524009 0.0297239653761473 0.784915457872437 0.196017041089125 0.0933670780845058
"mb74" 0.805508124483613 0.0338752692560768 0.749910123259529 0.218423882945682 0.102542398347229
"mb75" 0.763562736963297 0.0466674703116475 0.515562968074372 0.212344485336853 0.127473423523178
"mb76" 0.740152654743997 0.0372746121431328 0.591349971505273 0.230545293612888 0.105242920204906
"mb77" 0.778979543851399 0.0340328488327585 0.739536790021304 0.218439642454355 0.104206703891271
"mb78" 0.678799867796874 0.0607271196861489 0.166130706001834 0.168618045833702 0.102626392497957
"mb79" 0.782940294220889 0.0578340922370681 0.468619838881704 0.226587529130597 0.144161998896263
"mb80" 0.746868509065305 0.0610152064657784 0.395611614188305 0.200600586858497 0.128039757153498
"mb81" 0.663242200988226 0.065256275782417 0.145497581208995 0.164269509074746 0.100004105465691
"mb82" 0.640098600058176 0.0699523454074418 0.0731812532781945 0.154602831470333 0.0884623314518923
"mb83" 0.633439860016647 0.0639690874707113 0.125471792930464 0.161570834784927 0.0861570130457425
"mb84" 0.585076639427278 0.066021669964269 0.0104447684096507 0.134839540123105 0.0579928264416517
"mb85" 0.810080800307811 0.026338132769178 0.688029630792059 0.173211748945005 0.0806532776766639
"mb86" 0.572523631295591 0.065444764255189 0.0104480719468025 0.127473526374414 0.0537941255340107
"mb87" 0.805058312991592 0.0294163522360959 0.770708147873392 0.186625116477605 0.088629628439957
"mb88" 0.906904919479373 0.0287586711257586 0.884126399395406 0.193826308129376 0.0906381039292879
"mb89" 0.653814509328013 0.055974279942793 0.19656768766167 0.16194510494271 0.0966882615213335
"mb90" 0.630780012235751 0.0807546223760391 0 0.150021232234711 0.0736147368875691
"mb91" 0.648989615921574 0.0660634214391362 0.105640345513108 0.158464973445644 0.0920718971764951
"mb92" 0.736100172356721 0.0493581383017152 0.450930019236938 0.190510701377169 0.121809854477185
"mb93" 0.643111857222388 0.0685873294788704 0.0845189427225744 0.156630404203449 0.0972104987335058
"mb94" 0.779125540095929 0.0477265241007757 0.520703576416538 0.222727625620849 0.132198222493737
"mb95" 0.76716043991404 0.0499999418191764 0.503690425569269 0.192582589376073 0.120323157234281
"mb96" 0.842667113793874 0.036172630459879 0.802136296412539 0.233403338762806 0.112976586710124
"mb97" 0.756258699852492 0.0462073844075612 0.52064425896886 0.214812061849881 0.121348254495408
"mb98" 0.687435802328236 0.0543920175777076 0.30242060338869 0.181726751769022 0.10444477493078
"mb99" 0.623558414544894 0.06500019016604 0.0939945748337372 0.150133043564773 0.077125947974009
"mb100" 0.804191869461246 0.029641529161451 0.789372622650325 0.190129906018243 0.0913259436076204
"mb101" 0.597122652932199 0.0673709256196166 0.041433101342473 0.140593315165522 0.0563388406771986
"mb102" 0.593739547354422 0.0758211696524653 0 0.132059474796536 0.0479323794851175
"mb103" 0.665296702962467 0.0622906238240588 0.157386856435585 0.163304957131242 0.0945668721025266
"mb104" 0.695218960652237 0.0728430094666178 0.135130304130124 0.169920409225832 0.0880657646661052
"mb105" 0.658983715798128 0.0517159044530444 0.258895560529243 0.16799490497857 0.101183292801043
"mb106" 0.64639686451498 0.0517416401331316 0.217102330574148 0.164613958984111 0.0957382364945387
"mb107" 0.573262090754229 0.0639716973249869 0.0409999672474047 0.129760975139887 0.0503541578031287
"mb108" 0.653307560628762 0.0599106225688258 0.146797599795358 0.156159902410275 0.0914459122578109
"65" 0.629817863482723 0.0620396149896322 0.104620323114516 0.152846429229484 0.0947225626321723
