"quartet" "cluster" "phylo" "mutual" "shared"
"mb49" 0.704326145156071 0.0534501009247598 0.344166375109421 0.168850466484753 0.110934203768466
"mb50" 0.610448414590485 0.0809001697437955 0.0104620303680841 0.143457094894831 0.0569248013447372
"mb51" 0.867190307510653 0.0375156925241482 0.812470667204648 0.237652891369268 0.114488071158134
"mb52" 0.726958513242354 0.0514545461976346 0.40840872978272 0.195355244680179 0.127894075080709
"mb53" 0.711271539440889 0.0718970418239735 0.239088574839782 0.186131743820247 0.120484362657179
"mb54" 0.629935181757926 0.0722783748481062 0.0419716741133213 0.162115585161587 0.085187394539915
"mb55" 0.689683101293342 0.0698129761713925 0.135599831468055 0.171738360137649 0.0960230282679354
"mb56" 0.919081753815031 0.0447709369829709 0.801941071849546 0.282632320094853 0.137953310925022
"mb57" 0.863438992618324 0.0350813579455604 0.791616951735109 0.223873113468147 0.105850655256837
"mb58" 0.840740935089468 0.0383090656484331 0.787307274900573 0.24832074748974 0.121273197500787
"mb59" 0.980967889674826 0.0392882263193664 0.958292569060922 0.259241843158853 0.129787070240732
"mb60" 0.743296379989261 0.078780736496018 0.207384205523558 0.195537181040027 0.126150589664127
"mb61" 0.688304301699666 0.0819721290086553 0.082171726665789 0.17473980720061 0.0904100743293889
"mb62" 0.821015373236832 0.0366068661008811 0.749962057178554 0.23217470105131 0.112322334420356
"mb63" 0.77294130695625 0.0582867476376523 0.394070741789208 0.215283562089243 0.133374955663867
"mb64" 0.792044701202765 0.0479712543026329 0.633851977519473 0.232830208395569 0.13979935341971
"mb65" 0.875094262014122 0.0293478711339427 0.895782791462471 0.193167029676115 0.0951127628957204
"mb66" 0.844761957301263 0.0386868202614954 0.747339412478686 0.245187670416049 0.119753319574041
"mb67" 0.792068198665678 0.03575126671555 0.744572365619014 0.223234515909556 0.107345212304868
"mb68" 0.846229302362081 0.0473963464079506 0.687443523779419 0.223362801173493 0.137150914011262
"mb69" 0.857317570322055 0.0323027942514693 0.864553587068329 0.209754374847778 0.104016547006666
"mb70" 0.736205507326866 0.065724017314189 0.271250513571723 0.193525337120449 0.123943679197934
"mb71" 0.708799629339226 0.0674966734084793 0.272793048518739 0.184212749295931 0.12098499388547
"mb72" 0.692145746660631 0.0560837190088439 0.238048172856001 0.177805311874477 0.119652836987826
"mb73" 0.767395690050436 0.0720868278046113 0.2696051436752 0.208924349513056 0.132025728979882
"mb74" 0.643474588464481 0.0841495903272065 0.0209234857968028 0.155300742358061 0.0787748856517322
"mb75" 0.75913831881694 0.0626474237145419 0.344833879624008 0.203977449700091 0.138932565962539
"mb76" 0.805777348319178 0.0356921828544339 0.757875588187833 0.227615178005385 0.108775199576096
"mb77" 0.923738214087632 0.0360667142490535 0.872285586684469 0.235230566031028 0.115313619583814
"mb78" 0.792110684150061 0.0566609583669627 0.499755661003343 0.215072970761982 0.150060287429816
"mb79" 0.842937212670823 0.0292898795730687 0.841957364362788 0.190710360518092 0.0927386554169282
"mb80" 0.738155913355728 0.0329469650786128 0.694710441307504 0.208147508416652 0.0947241308193354
"mb81" 0.725890304133091 0.031436425269422 0.673604689737369 0.194241706418677 0.0901541963384119
"mb82" 0.732006400627 0.0803341211428098 0.148275835548641 0.189670008930848 0.110117369117275
"mb83" 0.712592247009925 0.0446113820786926 0.431066991692778 0.195935050449755 0.112723133760362
"mb84" 0.78472362547532 0.0507833362920792 0.484193443404214 0.229799739154604 0.129078757008087
"mb85" 0.790839075800567 0.0335725817567693 0.72336676398373 0.211476509799223 0.100919892712435
"mb86" 0.627241967983217 0.065803348669124 0.0524740849072353 0.159417624360023 0.0902481618653838
"mb87" 0.758454579483717 0.0761842983547164 0.248924744314484 0.204011171026876 0.13292577760337
"mb88" 0.661247517231202 0.068872409626022 0.11478769667235 0.159474283111951 0.0886858541193839
"mb89" 0.741786139220375 0.0494531446672019 0.399744203154559 0.178725056911188 0.109576211018468
"mb90" 0.697241925977114 0.0558127293263035 0.375593062904375 0.185860296787967 0.12093702297965
"mb91" 0.645078122269216 0.0795665745269841 0.0306972973821582 0.159032485913304 0.0713808337885585
"mb92" 0.603368804153042 0.0688133547181872 0.0314593946460414 0.149283382501384 0.0723667004317464
"mb93" 0.635223619576679 0.0794737676826519 0.0209077914605572 0.15578423274 0.0731335396515659
"mb94" 0.628088630979393 0.0800820691777219 0.0209075551275028 0.153495086715214 0.0764392002813345
"mb95" 0.703846630924652 0.0549394715970493 0.382818369027605 0.185372613053452 0.117450858850258
"mb96" 0.576770056966247 0.0666835306770594 0.0209474221993407 0.13387109498677 0.0647336946556911
"mb97" 0.77449942566274 0.0481042540890059 0.602775327081384 0.191326868253455 0.128165616794095
"mb98" 0.594524235344364 0.068398596433654 0.0314438856376898 0.144783472184999 0.0735935108192749
"mb99" 0.744674212428989 0.0500947633337905 0.547357165385859 0.19575940756872 0.119686948202979
"mb100" 0.772118859590416 0.0284635411605117 0.781138725190173 0.181421536286527 0.0844982385831965
"mb101" 0.69001942342101 0.0714847702883572 0.187715579408255 0.175528125938579 0.10396279238658
"mb102" 0.775281520626401 0.0343033851957514 0.563135642381512 0.163734487243556 0.0949034995031847
"mb103" 0.597009759341957 0.0769256927774873 0 0.136224500486578 0.0505255977539824
"mb104" 0.646683316305294 0.0617071043530431 0.177396770316735 0.165385428185432 0.109368836621045
"mb105" 0.635357146404806 0.0803859073152029 0.0209253956061633 0.152040451893759 0.074276020542415
"mb106" 0.705553335996804 0.0233804757237985 0.677745752760017 0.152291743582412 0.0712150438320403
"mb107" 0.736236001053703 0.0725479279371601 0.217672127998211 0.191024497761055 0.118365552182765
"mb108" 0.695236473059672 0.0501393745853879 0.329867586278598 0.184239452685837 0.120102530193076
"mb109" 0.590370357175877 0.0762863839750944 0 0.133502087647297 0.0512262387026531
"mb110" 0.626243335720538 0.0266384847506778 0.641873840638099 0.158404948298331 0.0698433356602753
"mb111" 0.717011373117288 0.0416895847483144 0.452090041124212 0.188068103748171 0.111990062273638
