"quartet" "cluster" "phylo" "mutual" "shared"
"mb49" 0.864217845957853 0.0359104306946086 0.822771144470251 0.232602266116698 0.115479037364634
"mb50" 0.844624206035099 0.0465096043602636 0.697748590595069 0.227666351686772 0.138867546297484
"mb51" 0.77299632212091 0.056191318888763 0.39585537265173 0.217475390850366 0.141593053234166
"mb52" 0.926529576034527 0.036424949543786 0.864523412428927 0.240210133005194 0.118556306217391
"mb53" 0.900289540354687 0.0314855293319593 0.937551360775206 0.213818012384561 0.107062788480064
"mb54" 0.805341148540044 0.0719576339943174 0.342144143193715 0.243380268571541 0.157958585615557
"mb55" 0.676531389402677 0.0817113488280296 0.103572825125969 0.181546599220362 0.0960725216064137
"mb56" 0.761324691835719 0.0593710320726862 0.456866229751616 0.205776379561075 0.142537436679201
"mb57" 0.767845284676604 0.0568604518920838 0.393992687989185 0.219867817482759 0.135904914960372
"mb58" 0.904942418426104 0.0438679617979112 0.791598185633059 0.280258060665856 0.137964139348799
"mb59" 0.837167545729997 0.0339321927079017 0.819173486753053 0.229717151129517 0.111246951876484
"mb60" 0.74332343064808 0.0847731768039833 0.155419792728606 0.22085841782948 0.129766255657
"mb61" 0.880717687451545 0.0374042293316137 0.802177494754543 0.242408660826072 0.118580473856318
"mb62" 0.777318056439635 0.0437208190815845 0.605080791594918 0.211545937938794 0.125368711254731
"mb63" 0.686312243661555 0.0842497600724141 0.0833572052319498 0.193319622188147 0.0953532536461935
"mb64" 1 0.0360765854584356 1 0.246511840987762 0.124375136126094
"mb65" 0.801951598866814 0.060611578564802 0.425295598929245 0.236313519715746 0.157191752853727
"mb66" 0.804525643563157 0.0805577264451282 0.29634129399856 0.244714088083098 0.157860136374492
"mb67" 0.822629260375609 0.0348485339281852 0.776693947012212 0.228031380174628 0.11176947765551
"mb68" 0.834203330847626 0.0344630969837935 0.778879080039152 0.219059217521329 0.107659300802133
"mb69" 0.751375331098227 0.0701644529907123 0.300720947223134 0.20960961378493 0.134552742453168
"mb70" 0.740341909120127 0.0775083654640188 0.240262122927527 0.199504092708718 0.125555940374122
"mb71" 0.632398601898625 0.0901903408588554 0.0101896323110681 0.164304403574625 0.0801620419077687
"mb72" 0.742365352581899 0.034968228720342 0.645696371266119 0.217627187858195 0.103424227872768
"mb73" 0.63976783178551 0.0886914790507869 0.010073375721771 0.167629173029008 0.0964156228110297
"mb74" 0.740376366656324 0.0433354026273763 0.531101697583884 0.206553427646232 0.125135128407619
"mb75" 0.841027939638428 0.037918541273085 0.760527948346279 0.242749757860683 0.118798156990319
"mb76" 0.727699829108989 0.0787975525138321 0.217890452980561 0.206558931558386 0.119495337657397
"mb77" 0.685973549368445 0.0761286511155529 0.125007803316989 0.186549985916791 0.104972538646769
"mb78" 0.744999598514887 0.0729354803778649 0.292671945435841 0.203269598573525 0.136809372650645
"mb79" 0.946602271954289 0.0326642323323549 0.89579909281653 0.216412163917796 0.104010116559623
"mb80" 0.743246178966622 0.0747142372126504 0.283039079339535 0.209808902037588 0.12729580565467
"mb81" 0.637571860079899 0.0763192020636404 0.0209189976215647 0.163313126950367 0.0598029561778897
"mb82" 0.813689664575948 0.035666598801153 0.697822505245457 0.224009998467568 0.108221267817978
"mb83" 0.790363034749126 0.0526591574668279 0.553592693627846 0.204973895982948 0.140870869258366
"mb84" 0.707882568969713 0.0815226573691748 0.134664801501865 0.200862910345334 0.11207404551891
"mb85" 0.65530589575219 0.0785011960942178 0.0323413354940094 0.173258544146807 0.0654917121453356
"mb86" 0.77270751847023 0.0346824261133194 0.697873866020662 0.216876071040721 0.103667053423572
"mb87" 0.718409769456978 0.0377633973637947 0.547937125683198 0.181395474195047 0.10256735679102
"mb88" 0.631182681781262 0.077648114805797 0.0416972154104531 0.16102015853169 0.0776358771114717
"mb89" 0.883292560080587 0.039281711817816 0.810482611225058 0.257834955632611 0.128108659955355
"mb90" 0.786700293490754 0.0527331904606643 0.504967786423248 0.20719724280807 0.132733355424294
"mb91" 0.794968052632577 0.0500582030455372 0.49452231139879 0.235476143308328 0.132376350714946
"mb92" 0.726538148588596 0.0583887798069138 0.265936996781033 0.196761791300404 0.123278935120243
"mb93" 0.699420630184975 0.0493786631855853 0.406018587156831 0.194974067365517 0.122617825578542
"mb94" 0.622182575777843 0.0857198618695934 0.0102221367106307 0.151478895103984 0.056901664555553
"mb95" 0.708327051144364 0.0788307254925109 0.144909405305675 0.19378242401673 0.104143478775225
"mb96" 0.697696512072646 0.0562795886518792 0.340186423901311 0.195207418609504 0.130987667870009
"mb97" 0.772656265448577 0.0476726144247869 0.463034855066953 0.222196315906139 0.124801803906421
"mb98" 0.713463982342318 0.0290910793376539 0.705085608101796 0.18613267220174 0.0863670865891861
"mb99" 0.669746149141573 0.0693650198106077 0.135511826897021 0.178983849209829 0.100822369349504
"mb100" 0.747503121098627 0.046195776301369 0.462974912663674 0.215035594108284 0.127080948075318
"mb101" 0.767741357062122 0.0806494134574402 0.165793683660425 0.222634145511346 0.127145853908915
"mb102" 0.783946437974874 0.0468704701178864 0.526189594940465 0.221529775124641 0.130283556791448
"mb103" 0.773506899826806 0.0332805986904344 0.726362225573376 0.215152096186136 0.103111576829201
"mb104" 0.776604814179411 0.0515363776954999 0.547048435291852 0.208257906190529 0.134695507822599
"mb105" 0.661695167820765 0.0640563820506185 0.169987165893175 0.178028195529446 0.103303968747397
"mb106" 0.85122374253228 0.032341323814969 0.787182709516344 0.205207967661817 0.0987613532687171
"mb107" 0.719407763105242 0.0571249807110597 0.366784714944084 0.193784905115672 0.126247978014431
"mb108" 0.659807274739934 0.0792371425576128 0.0431217806586792 0.17649463148965 0.0659074188907452
"mb109" 0.71528916364288 0.0617700759986789 0.229821155284377 0.186487264424638 0.115375055681633
"mb110" 0.681650714631424 0.0479064556225186 0.372152239511754 0.188777869258809 0.119635059722304
