"quartet" "cluster" "phylo" "mutual" "shared"
"mb49" 0.858085608766725 0.0317796979666914 0.885539705885151 0.215451462640419 0.107015219166168
"mb50" 0.866344966894849 0.0340865879345059 0.80849501683836 0.223729896428508 0.108964866815409
"mb51" 0.894187511247076 0.0418630269066255 0.82289205882297 0.276039927199914 0.137165989831133
"mb52" 0.728996611414359 0.0861910856058215 0.104017973446624 0.21066884004517 0.111826349447205
"mb53" 0.70112871913671 0.087041470437233 0.0728273910118274 0.201342806062828 0.0958996995500536
"mb54" 0.817791411042945 0.0508744861906126 0.562314643970853 0.241771138822361 0.1457041445281
"mb55" 0.989927795643468 0.0343602342730989 0.97898505969557 0.236893425885047 0.118096983371206
"mb56" 0.849010796012191 0.0397107706247488 0.715805314944515 0.253757113081562 0.122130400973448
"mb57" 0.85871042532779 0.0466121609383563 0.718753707120583 0.230429503849954 0.140107372415009
"mb58" 0.767352045256745 0.0478512089762274 0.552245210932122 0.225954629881488 0.142310238410394
"mb59" 0.77163612940166 0.0576249266146717 0.457090088963077 0.197001978735742 0.130644719827572
"mb60" 0.903279599777654 0.0367692825965571 0.85421588235406 0.243542720483835 0.120618023898645
"mb61" 0.926745778183478 0.0281724734345252 0.91489250120274 0.193310793942536 0.0933957326823113
"mb62" 0.766541587053109 0.074591361082223 0.219325916244614 0.217924986590008 0.141197435544072
"mb63" 0.682521768997626 0.0765683216384416 0.124899329566252 0.169146197369592 0.105839145997133
"mb64" 0.652128430916628 0.0889953431026134 0.0104510726738156 0.169451143049059 0.067472629002121
"mb65" 0.773104445447262 0.0593914245265746 0.395736924064114 0.229789630769918 0.155057296753137
"mb66" 0.777643631138872 0.0595230269134387 0.415115651103681 0.228824111102724 0.154374182495779
"mb67" 0.627016507384883 0.086935498070855 0.010450455713316 0.157238734075444 0.0656795010105048
"mb68" 0.830330524951393 0.0336050769177992 0.770771278770968 0.213380500886236 0.103572903129404
"mb69" 0.890337613405384 0.0411309346705499 0.822943414322859 0.270073781284796 0.134060277741367
"mb70" 0.700988336063356 0.0743929293567901 0.0940498043750127 0.189833867749487 0.1056243258628
"mb71" 0.682941267671144 0.0706535490439267 0.167018293639987 0.181889017561983 0.0986357974211065
"mb72" 0.684829332169358 0.0676326282159128 0.219355956274425 0.18890449910651 0.117331451216225
"mb73" 0.72660116756208 0.0624910735484956 0.301198864694497 0.181732652858044 0.123808712971103
"mb74" 0.845549738219895 0.039358510946175 0.729177365729143 0.251976233943917 0.120479489811757
"mb75" 0.719097651421508 0.0312912194061999 0.688096240263488 0.199531331582881 0.0940810943285528
"mb76" 0.701669920164177 0.0672471710984004 0.207401025152614 0.172251111611723 0.105532055496474
"mb77" 0.768161136956188 0.0368039449312909 0.708534475707899 0.237703310948589 0.117050982288822
"mb78" 0.690945723182123 0.0305689871184522 0.673723540551899 0.195916487422562 0.0915227452597401
"mb79" 0.654008291206773 0.0812453874449105 0.0209048886146909 0.177032586645191 0.0783026656692237
"mb80" 0.731610775151182 0.0506403214341458 0.3757840024137 0.180803223440658 0.113651573420744
"mb81" 0.709590623837674 0.0638741404493089 0.259483066929507 0.174353913327465 0.109145772257848
"mb82" 0.807444668008048 0.0340386158062873 0.694634693288818 0.212823271131549 0.0993659545792894
"mb83" 0.697497937432869 0.070024761433435 0.166580464323058 0.16783350576841 0.103237700031192
"mb84" 0.661153691611499 0.0779256257483858 0.0826994896341758 0.16045661090963 0.102492430376068
"mb85" 0.672874133527909 0.0832256427733281 0.0419987726708711 0.186573381941046 0.071536217202403
"mb86" 0.761198277088642 0.0669377366908588 0.263633809852687 0.219613477966646 0.142813767548175
"mb87" 0.675402493644837 0.0547448898723662 0.333453988078448 0.183189275697848 0.117908834260562
"mb88" 0.778374703240116 0.0504560237713851 0.515702983595831 0.198541884420335 0.125202769275068
"mb89" 0.716742776443423 0.0786308171102373 0.145656327500539 0.202734264120528 0.121620689302598
"mb90" 0.67815092792831 0.0732955517786301 0.166966883347166 0.179564503860676 0.10563189182937
"mb91" 0.748550124275062 0.0345484368429371 0.687378030687764 0.214511002759687 0.103733920729591
"mb92" 0.840432098765432 0.0371978670957197 0.791670946291657 0.24254745248591 0.119627764547346
"mb93" 0.753363808866655 0.0631539807695126 0.270673465796056 0.211850982174975 0.126037567861023
"mb94" 0.797158427403659 0.0491220705106815 0.529184025118991 0.229610133730275 0.141924932039571
"mb95" 0.766245701411123 0.0556147135380808 0.374685981237399 0.211185786967198 0.13021803391389
"mb96" 0.80055296237841 0.0517117752510488 0.578915725705792 0.209224719298445 0.133635870465963
"mb97" 0.644273821408526 0.0845822833684098 0.0104520141306702 0.162691172725034 0.0606147930318343
"mb98" 0.765876794608848 0.0468938441236278 0.499940686070673 0.21963983161115 0.136762745477328
"mb99" 0.758753421221935 0.0501937883230355 0.565730976675538 0.203851252468332 0.140029457545735
"mb100" 0.789043950600413 0.050199453581754 0.520850633229387 0.236102519516818 0.146608210085884
"mb101" 0.737175881930842 0.0464811205129258 0.455940688702073 0.213502636238612 0.130078059995673
"mb102" 0.742428648941942 0.0684885555532405 0.208169913337421 0.207200672428832 0.118886296928985
"mb103" 0.70010724000837 0.0719912199958289 0.156097012593641 0.198047671394108 0.121020108576804
"mb104" 0.748110338623407 0.0557177027198824 0.343605386096171 0.213612293257742 0.126603133908724
"mb105" 0.76390423572744 0.0652780197736053 0.303819108345056 0.216833142729251 0.130901783319768
"mb106" 0.657262372473615 0.0697564096603233 0.0626387944935809 0.167687667312383 0.0702195614512851
"mb107" 0.805239997130079 0.0523093732240142 0.549392342051913 0.204924739818962 0.142091573068572
"mb108" 0.695513375733129 0.0382740579846062 0.489515369455979 0.175494068981662 0.0901354488070924
"mb109" 0.671780237022735 0.0820244522684005 0.0211164499075004 0.184295265655959 0.0716546366374711
"mb110" 0.680886160802303 0.0560272293992029 0.282416750082787 0.191363124669976 0.123382011084026
"mb111" 0.78864168618267 0.0342270887585327 0.663034442156539 0.212920543412082 0.0989488270674884
"mb112" 0.748777471578961 0.0630251249908655 0.291455520862716 0.207759694050792 0.128648769893827
