"quartet" "cluster" "phylo" "mutual" "shared"
"mb49" 0.91462939243749 0.0381218425428923 0.842036767108968 0.244176966255181 0.119973338991046
"mb50" 0.76011121878573 0.0837905245322097 0.259816296955358 0.215767147537364 0.146695965636687
"mb51" 0.706356503034997 0.0871646337910424 0.0626137035614458 0.187857772630851 0.105643889342021
"mb52" 0.7418679007382 0.0776433628057071 0.208424028150965 0.197412084358192 0.113186568156447
"mb53" 0.635943265298245 0.0903872655266952 0.020945266151367 0.157809683238954 0.0627644328780074
"mb54" 0.762872571112717 0.060072022318826 0.389929312455835 0.21611669424584 0.141062669736685
"mb55" 0.739459971577451 0.031297999874545 0.718637285109549 0.189484004301163 0.0905245224783018
"mb56" 0.867632639721102 0.0382957364548887 0.789399661277851 0.242914705265338 0.116735822827096
"mb57" 0.673602002921924 0.0699180421657885 0.146749362892678 0.174002507880724 0.0916959138838684
"mb58" 0.855086947831301 0.03697263911511 0.770625418358635 0.230065198823368 0.111399871703139
"mb59" 0.876139284879645 0.041736286541822 0.781156624344355 0.26190961295902 0.126877914822482
"mb60" 0.78323538271241 0.0661719230455679 0.354768641206412 0.213673121369136 0.146219855355972
"mb61" 0.717042885635665 0.0922782266095607 0.124351459224887 0.204954990380411 0.123862525573001
"mb62" 0.75911397198031 0.0572087878323449 0.499707126432274 0.196294578425892 0.137054614437949
"mb63" 0.838096685922773 0.025958467254657 0.8750640748657 0.16950413390134 0.0808074658673481
"mb64" 0.9916333379304 0.0425950067749567 0.97914309469918 0.279611501301394 0.140984789998793
"mb65" 0.928975893868306 0.0377357155081062 0.893715127776764 0.251560564414011 0.124157481777733
"mb66" 0.930990685859441 0.0364249188848722 0.8853897741808 0.234474203105762 0.115798060507993
"mb67" 0.736691255435644 0.0712875282560025 0.25252984020579 0.19299582897946 0.119247513050873
"mb68" 0.87044882070071 0.0359259580255545 0.83155087826089 0.229918544249033 0.111562220248695
"mb69" 0.760390398361806 0.0739507811870157 0.23881567122337 0.208502747340897 0.11825444454771
"mb70" 0.814592079881993 0.0409861081359793 0.691375132406356 0.250009473130801 0.120510012028202
"mb71" 0.818311325406827 0.035411277386097 0.744412637426852 0.222303008527204 0.108069627466034
"mb72" 0.739389884450552 0.0431388111445856 0.55191334963779 0.199372654311286 0.115928271323295
"mb73" 0.842544629479002 0.045730086238842 0.678605278961642 0.222943476902992 0.130721658734583
"mb74" 0.791891002280582 0.0521170838929548 0.553291498744014 0.20591539275003 0.131329979934602
"mb75" 0.777194823364813 0.0548249444711016 0.488028468589884 0.210490760430619 0.140047566298789
"mb76" 0.798295298322794 0.0489631161992572 0.552032033975406 0.226108976111163 0.131365925230189
"mb77" 0.82591725214676 0.0347139393879093 0.749871266393125 0.218974470490024 0.102053362590753
"mb78" 0.727790855300518 0.0844735162705803 0.104266074876173 0.196387367005556 0.117481562442724
"mb79" 0.82911427773121 0.0347398551182393 0.789451576675532 0.221631983584504 0.107309996019159
"mb80" 0.756858241236787 0.0667938135892741 0.264275381338439 0.206240606209141 0.122412579323648
"mb81" 0.870049228015216 0.038285826942528 0.763374151844173 0.238111552652573 0.114059992077106
"mb82" 0.759262081951045 0.0732323307754431 0.31942781806995 0.210907392584915 0.151856705921092
"mb83" 0.749897752655809 0.0544856308236136 0.421813811525702 0.203850758994198 0.136698198006387
"mb84" 0.719539315058873 0.0769937988098225 0.178919649658822 0.185105782534815 0.0943022756089287
"mb85" 0.897385355672793 0.0343754225146246 0.854155792897225 0.219975371831632 0.106947890583193
"mb86" 0.612979934663214 0.0826650842846836 0.0314277053378461 0.152127759536347 0.0686891188549183
"mb87" 0.735662604222259 0.0840884032367911 0.188629601691209 0.206948286340129 0.122390780697506
"mb88" 0.677676783190529 0.0827712313308256 0.0422513369800779 0.173911730999178 0.0770064635237156
"mb89" 0.705279066054235 0.0689985552699902 0.177114453605955 0.18256996417845 0.0894909386382407
"mb90" 0.61978809633382 0.0865995667252161 0.0104701601968718 0.15104483591092 0.0590745948865911
"mb91" 0.822084832295728 0.0564974265065609 0.571514137195862 0.218726794179602 0.151977969316099
"mb92" 0.752982695964648 0.0769120047350358 0.270267671627625 0.20821638262022 0.139033609623974
"mb93" 0.719793281653747 0.0565998155961384 0.35393316895962 0.188098880664415 0.123549933746694
"mb94" 0.733054908941531 0.0275741378342723 0.770832092780207 0.172636766283018 0.0822697619935274
"mb95" 0.807090326230436 0.028652361023668 0.791585076994765 0.181252765382937 0.087130152872563
"mb96" 0.753791953528399 0.0778182090070311 0.279474183807695 0.20882712777992 0.138054259756354
"mb97" 0.688235259800304 0.0863027352226682 0.052005536558047 0.18863922945627 0.0815250703833872
"mb98" 0.615061713809098 0.0854618426894412 0 0.149113014036698 0.0593513094595232
"mb99" 0.661415407231416 0.0818669880685548 0.124657508255504 0.163895276490798 0.0810876265723176
"mb100" 0.720259042542115 0.0391004182253105 0.536857877799226 0.181814327069533 0.0989925613707209
"mb101" 0.659545989249285 0.0809662320820942 0.0316984208778607 0.164318892285876 0.0757889862641467
"mb102" 0.724380845526362 0.0897239129790283 0.14668023734849 0.205825661969382 0.126766445719555
"mb103" 0.68930662104343 0.0869323906961306 0.0422939185868324 0.189374115804675 0.092195786470516
"mb104" 0.647957786822071 0.082937935795626 0 0.16907484400516 0.075413024412853
"mb105" 0.715198207031797 0.0317822890746574 0.663053753034416 0.151142858539344 0.0908557154868257
"mb106" 0.670483100052395 0.0842059333536828 0 0.17882511289427 0.0786618168501819
"mb107" 0.825663282017688 0.0457483801993216 0.675515594637453 0.219461922751792 0.138432751766987
"mb108" 0.633718420588844 0.065959150125686 0.105884179331858 0.153322508327708 0.0729510794678987
