"quartet" "cluster" "phylo" "mutual" "shared"
"mb49" 0.821733273462057 0.0350465127532315 0.768472400164979 0.226779057673492 0.108264723860347
"mb50" 0.684094690724384 0.0966493391430085 0.0311847794648741 0.181815176233607 0.0973208450321532
"mb51" 0.795137401024686 0.0480812196259962 0.57268064665622 0.228292588689037 0.13649676035437
"mb52" 0.741219004491838 0.056128120885378 0.385155750780356 0.187967039024127 0.116069986526802
"mb53" 0.762711503293504 0.0763714066453771 0.312194025187282 0.211104926195494 0.155240438044023
"mb54" 0.656465406361723 0.0941970529191305 0.0206909802892933 0.174019038517857 0.0937642003568419
"mb55" 0.731947362600907 0.0509853543970071 0.43979140088137 0.196596167263371 0.130117278946629
"mb56" 0.799715570462075 0.076211621928297 0.361979771737412 0.233480219653695 0.157968221517519
"mb57" 0.859083870323193 0.0367932756364771 0.812467902812569 0.239784350562807 0.118073305648438
"mb58" 0.732686486478065 0.0935716481102353 0.0627772321288515 0.204875743634894 0.108089132384112
"mb59" 0.844829609922141 0.0478335024235335 0.677052440661809 0.230517212600169 0.146151434224778
"mb60" 0.86595521559435 0.0366231921246709 0.749974322250056 0.232420640005656 0.111506600396854
"mb61" 0.871511823377788 0.0358750777187791 0.81241654731268 0.229380869083918 0.113795478567242
"mb62" 0.98632598063679 0.0371970544278049 0.979151687979199 0.251664528999455 0.126199076039646
"mb63" 0.881088150667015 0.0408251245009828 0.799865076162235 0.25975265500793 0.127564638601961
"mb64" 0.913092297327644 0.0373242684597407 0.864537327364683 0.245588694389708 0.121134905877303
"mb65" 0.879687893279638 0.0363099992929009 0.841998744338607 0.240799215921016 0.117690458886163
"mb66" 0.835346823718917 0.0386094907635602 0.760347122760567 0.247461426643345 0.120369512452977
"mb67" 0.78302822315569 0.0566390331208551 0.417670362960781 0.216176240258116 0.137679432809064
"mb68" 0.755559236615165 0.0697153506160692 0.291870012989643 0.212371688597188 0.131996771147127
"mb69" 0.853075684380032 0.0314045120724096 0.843689015343882 0.207545093273906 0.10190378741007
"mb70" 0.921149737813168 0.0424220405972537 0.842050638122363 0.276752749535255 0.136997372482478
"mb71" 0.789654569086183 0.0865375905091341 0.269928761426457 0.22993525626093 0.154063075944495
"mb72" 0.821007282798236 0.0348905179121078 0.763355938340299 0.227185359451651 0.11114814979307
"mb73" 0.663281415763713 0.0769514259651565 0.0829515145502586 0.169072996903951 0.0984292655363891
"mb74" 0.786276340974027 0.0589975784500115 0.46546348214207 0.229581667808549 0.156116822851866
"mb75" 0.68277224118764 0.0753567703811051 0.103714763951416 0.173625635884711 0.10506380459889
"mb76" 0.775877811903378 0.0462566418015155 0.496813461697399 0.21231781258778 0.120196296177616
"mb77" 0.744212124548705 0.0774579301202824 0.249864421064243 0.200286497658136 0.133106293592096
"mb78" 0.708031982841552 0.0747187770285037 0.16681691751973 0.189087828792016 0.11389817051363
"mb79" 0.775375945747509 0.0898272012398247 0.165528372635454 0.221224992336568 0.125987276701666
"mb80" 0.746376811594203 0.0323282556092196 0.702045089002762 0.207420052020307 0.098709691781698
"mb81" 0.78001968503937 0.0303037903128204 0.744572616665782 0.189918998606871 0.0902398627718903
"mb82" 0.802913063268093 0.0363642549698832 0.726234944421097 0.230746020674215 0.111303430850749
"mb83" 0.793059616117961 0.0323187055670668 0.736664573897678 0.205175586586006 0.098432412885969
"mb84" 0.746240614830518 0.0618653689959756 0.333741316519156 0.209119944133813 0.124855876362128
"mb85" 0.767418055586462 0.0517323555094429 0.458096441986108 0.199912766585264 0.119155722783346
"mb86" 0.904324324324324 0.0305314647315396 0.895809795395884 0.204663606019457 0.0994311473971074
"mb87" 0.67274592869336 0.0926003983038953 0.0311934795258898 0.177057044857868 0.100890294776219
"mb88" 0.792971624122157 0.0804911503792972 0.301081926516478 0.228984991228046 0.15190423297315
"mb89" 0.673184599128352 0.0655135169223082 0.166131203055556 0.171394798561194 0.109016840758681
"mb90" 0.748859349250235 0.0585527011260639 0.437147084870539 0.200803833046151 0.139560121730892
"mb91" 0.844351258016774 0.0320940012252042 0.791825012791324 0.210860503951371 0.0989329814342899
"mb92" 0.666460456370853 0.0880504681584208 0.0418130464696918 0.173349906783933 0.0905060868080169
"mb93" 0.694209290459768 0.0749347685990105 0.156258597507998 0.178485507107463 0.102539099013211
"mb94" 0.851565811160819 0.0545450269420425 0.645769978670703 0.217449715669802 0.15293612014566
"mb95" 0.695020659303547 0.0902315163601761 0.0418277151804842 0.182443907846366 0.0851029236833505
"mb96" 0.694318665098942 0.0353466163195772 0.469139247661208 0.169413052292974 0.0965982537366412
"mb97" 0.631544722897256 0.0859274223577929 0 0.153332130620381 0.0622254479135041
"mb98" 0.648927835447301 0.0909848437063238 0 0.167669274519253 0.0679780910732217
"mb99" 0.689409831736764 0.054764510916292 0.291780657410268 0.172116291701142 0.113404138791605
"mb100" 0.688049600627963 0.0577898330699392 0.251371028360935 0.172967305890053 0.105751403932193
"mb101" 0.75032176401136 0.0514244808292965 0.468456640366517 0.202018553529365 0.128865417091483
"mb102" 0.642036146315251 0.0889561452144736 0 0.162974509737142 0.0638642894525827
"mb103" 0.674842505124072 0.0876655829782531 0.0418194924044167 0.175110936870971 0.0876147773644905
"mb104" 0.640693409835531 0.07344206078922 0.0620577649866535 0.1573077234319 0.0734069586460872
"mb105" 0.680756696370772 0.0892771935247888 0.0418194924044167 0.177091293429496 0.0856813142015592
"mb106" 0.737026171752978 0.0605309209769676 0.353946471756832 0.197320938607528 0.13428894752657
"mb107" 0.704801985260335 0.0888513389468268 0.0418381651529032 0.188689096423584 0.0835818035671774
"mb108" 0.637716983388291 0.0728444323474995 0.0209295154867349 0.155757937735337 0.0720767131200884
"mb109" 0.706994880500809 0.0348847265690003 0.614441227044321 0.167653287272289 0.0958482033992935
"mb110" 0.7602509319029 0.0500596870299879 0.489441473980053 0.194541077677079 0.115725192997839
"mb111" 0.635540290602362 0.0869881377515427 0 0.154786009538945 0.0625905137102352
"mb112" 0.66679288679457 0.0399533719356664 0.375347073369191 0.152508112543157 0.102106163617632
"55" 0.643609608587447 0.0667344918777137 0.114012045983281 0.159439020599415 0.0902409336469927
"56" 0.676044176123995 0.053544142430793 0.280172951249278 0.169953291415333 0.106749093237905
"57" 0.696077995913654 0.0504578449949817 0.369298104437171 0.185304168191314 0.116477496476046
