"quartet" "cluster" "phylo" "mutual" "shared"
"mb49" 0.715141873338273 0.0491445889192784 0.46538264734748 0.195150343635361 0.125474296614606
"mb50" 0.96981455064194 0.0337768039431395 0.958290426489758 0.228351311862768 0.113511802182526
"mb51" 0.619059136025372 0.084210125996319 0.0104607112867918 0.156263247206839 0.0719553810181436
"mb52" 0.719018391146229 0.0791487705416443 0.219297681696977 0.211663847133985 0.131888412692667
"mb53" 0.653544213900459 0.0752765201795135 0.0628537584450051 0.167184522610988 0.0883043113195248
"mb54" 0.609570547310747 0.0845075841662556 0 0.15454581669693 0.0609557478991362
"mb55" 0.816512009775843 0.0487487203360796 0.624909973811211 0.234829716261026 0.139354185374057
"mb56" 0.862799456010043 0.036242922660036 0.852641613208627 0.24308853337399 0.121452639660973
"mb57" 0.737813481568666 0.0591834401045924 0.415333578655763 0.202573214030757 0.133117318401313
"mb58" 0.818435046847303 0.0383954307805132 0.734016083642677 0.243037298522717 0.116535182723564
"mb59" 0.891145172312799 0.039780928100237 0.851035749395483 0.267113825639061 0.133765860244126
"mb60" 0.652543392700399 0.0782117989112885 0.0726141443198819 0.171860153437408 0.0841504538271042
"mb61" 0.939845541209123 0.0340349378654564 0.937487011183694 0.229481470991166 0.113940522210972
"mb62" 0.851222912178431 0.0336959923568177 0.768412037127585 0.219126994639662 0.102901068283846
"mb63" 0.760165360646634 0.0443467709373692 0.565026424621235 0.210654462094113 0.123978706090554
"mb64" 0.803347471154285 0.0389497841534686 0.71871723605115 0.250859335257163 0.121339167352781
"mb65" 0.686027655087231 0.0723637026592985 0.124256898197944 0.185212037190291 0.110410927109812
"mb66" 0.899325222873467 0.0403514613933619 0.833213077408089 0.260434886735182 0.129134898157848
"mb67" 0.711791253825803 0.0527332259147245 0.346524490868338 0.200787640758879 0.128819534521291
"mb68" 0.695364451154872 0.0627806962957521 0.230074880591796 0.187458514975128 0.12971330908415
"mb69" 0.691274887067091 0.0709365803975345 0.135076361149717 0.179465287593706 0.110689158096339
"mb70" 0.733709520427222 0.0692959445102302 0.248937166827015 0.207633109170259 0.136983197480335
"mb71" 0.768984317913552 0.0345824263252933 0.70538822643014 0.222826591736806 0.106504905127501
"mb72" 0.891032218345988 0.0391202912953315 0.791503503897848 0.251564527281375 0.121305683962611
"mb73" 0.735796849620368 0.0568186348464003 0.374834276057314 0.216338262946623 0.142232280236685
"mb74" 0.740822552512307 0.0637142475165348 0.311635093364953 0.206676414259884 0.132862977354298
"mb75" 0.742283847743484 0.0313855027305163 0.691354685290811 0.197509101922718 0.0928012396761636
"mb76" 0.673495863375476 0.0767747634587482 0.115068526529336 0.183823686143105 0.0979252835773461
"mb77" 0.723990864912608 0.0746015895015159 0.271422278028891 0.212680640123988 0.138448824191438
"mb78" 0.760121052932108 0.0339097205920757 0.709681345507689 0.217626762819401 0.104588410156185
"mb79" 0.752259939881745 0.052651385758799 0.473548916707908 0.20533652811875 0.12932268012566
"mb80" 0.781884859421387 0.0353490923990726 0.7188211465816 0.229718905706802 0.108349389785717
"mb81" 0.736378385124173 0.0633101265145539 0.287002292898104 0.210037315638826 0.133236144165236
"mb82" 0.979129504102747 0.0344965101528516 0.947863033112198 0.230615829179288 0.115580273632062
"mb83" 0.748140083469425 0.0307985905128337 0.72614903142648 0.193606850041115 0.0939257402595863
"mb84" 0.756526857424953 0.0476875089053905 0.510328565514075 0.224848058720513 0.132622748072219
"mb85" 0.72859311533254 0.058068370761698 0.406905864754983 0.201317385216048 0.128509630290216
"mb86" 0.694583439990743 0.0668089549991882 0.170832475780716 0.183712634128632 0.115289084317157
"mb87" 0.628799864806615 0.0810567340583968 0.0209436548924667 0.157388617356421 0.0791704929582389
"mb88" 0.666298586049113 0.0695735189656487 0.0838301169398944 0.168046174358001 0.0968995509191856
"mb89" 0.756533976678729 0.0322169288959378 0.684002140855456 0.199145177582138 0.0929129056402808
"mb90" 0.619461957256449 0.0823208542451038 0.0104611149347892 0.156021716480515 0.0707227075479106
"mb91" 0.731632592941731 0.0335248121019163 0.663137515720972 0.210626176937577 0.0990157836826833
"mb92" 0.735998269638922 0.0431642157773398 0.45894098778985 0.170328620089235 0.113396414789654
"mb93" 0.812519432065499 0.0382793307380394 0.573598112747175 0.186035667336185 0.106424349649234
"mb94" 0.758624088310664 0.04560902728544 0.537172826662596 0.215174055866552 0.127864608471542
"mb95" 0.65092574225481 0.0699861123428342 0.0834025075437979 0.168946948723702 0.0969770801857737
"mb96" 0.679731024102273 0.0437227398084035 0.388212399141211 0.195544404965853 0.113485006563527
"mb97" 0.821592946332156 0.057073456141188 0.644718458562205 0.230953984471014 0.162520132134
"mb98" 0.685862056493906 0.0758206634950575 0.146157290452157 0.190263449144502 0.0960690090007306
"mb99" 0.724883592455213 0.0241216860899193 0.636070996031186 0.158456483655504 0.0749216298060324
"mb100" 0.67903589815925 0.0645579712188586 0.138752704558239 0.174475839968055 0.0997456744725476
"mb101" 0.699284281861559 0.0685713277773008 0.146420987847028 0.187304371497496 0.10499406698141
"mb102" 0.662877960216596 0.0749997689766268 0.0733638953554149 0.168175881852459 0.0920081429496622
"mb103" 0.698245029203214 0.0691595462088034 0.146420987847028 0.18884704072536 0.0984142466752151
"mb104" 0.6318798469701 0.0758564492460588 0.0411977631125741 0.160717835281766 0.0697109481080345
"mb105" 0.732832618025751 0.0367823184842147 0.624911338314354 0.174933200140256 0.100088137018512
"mb106" 0.572155667826748 0.0733905334608123 0 0.134990393345589 0.0462321896380964
"mb107" 0.625215626143472 0.0767976806380194 0.0209561590825101 0.156634470784239 0.0719315566600696
"mb108" 0.666178337728294 0.0354006714123886 0.49772220340642 0.163376942888326 0.0923084906579013
"mb109" 0.759734532312193 0.0561219780227799 0.447617151568339 0.21298777254958 0.131810285824134
"mb110" 0.628924261309674 0.0783732970850388 0.0314238036552975 0.155609693626242 0.06985298544696
"mb111" 0.75814081031055 0.0274100821953705 0.787190004434781 0.178945189171324 0.0851436174572589
