"quartet" "cluster" "phylo" "mutual" "shared"
"mb49" 0.637866348332399 0.0715936093763911 0.0825317351036547 0.156677984980825 0.0863766761620537
"mb50" 0.732344424565754 0.0739342603456443 0.250762092854052 0.224017632295806 0.151293392492437
"mb51" 0.717869283161709 0.0805324521035717 0.125207101300301 0.20543865878434 0.119932524242156
"mb52" 0.740250191578817 0.0742634120011378 0.259010132633377 0.208351371255826 0.137795862361797
"mb53" 0.86871222210839 0.0400625989011359 0.760308076759215 0.255486522858755 0.12493527938506
"mb54" 0.889986461415033 0.0387573694037929 0.831629746015332 0.257170738544336 0.126221991325979
"mb55" 0.856394990761651 0.0389139606541051 0.791630291722299 0.256267041986245 0.126553597778916
"mb56" 0.760436638011009 0.072518959948845 0.322327683160411 0.221360390087536 0.143919172145884
"mb57" 0.827122654191536 0.0352419133293206 0.757795870658332 0.231690331197292 0.112809881204609
"mb58" 0.848042846561449 0.0324457978793644 0.789394482019106 0.214238222500518 0.10148785031008
"mb59" 0.975944283028542 0.0430256635203797 0.958305517199405 0.294097873401759 0.147501945643557
"mb60" 0.696483783551869 0.0757276841455691 0.156705253091161 0.194267489473426 0.123814257404621
"mb61" 0.756022794262134 0.0468910712121016 0.558416759732792 0.228792412293218 0.133221528707234
"mb62" 0.78519809338322 0.0385377320476745 0.733994017630522 0.256210184370218 0.123634939700297
"mb63" 0.798213950382874 0.0472800460991266 0.526334715250298 0.219418024441597 0.130065815332234
"mb64" 0.887877947295423 0.0363959305379285 0.810512114017219 0.241966684065799 0.116760905958866
"mb65" 0.784231378763867 0.0506545134767844 0.541603316192087 0.202293489804821 0.135704166396565
"mb66" 0.737679088543223 0.0787827253053807 0.218494701946065 0.205739539318683 0.12967964945664
"mb67" 0.837092139245571 0.05121356134962 0.601968212273697 0.247020200668688 0.156168334759931
"mb68" 0.622101650002984 0.0866776949833001 0 0.157961301731586 0.0687865648576601
"mb69" 0.976748999586036 0.0313052053955998 0.979152758599703 0.215955321533939 0.108550490164118
"mb70" 0.730574088733085 0.0588269634103377 0.363962813270244 0.19699136905599 0.128686383909642
"mb71" 0.677820186996521 0.0853840353462722 0.051449308290874 0.19544081785168 0.0981623842291496
"mb72" 0.811927886245338 0.0598442156777053 0.519299943049566 0.235989719225375 0.158401791493765
"mb73" 0.816959963551455 0.031982535044095 0.81258023884787 0.213018398219324 0.102312480332319
"mb74" 0.625627809076574 0.0716107676539429 0.0208844112537066 0.150574768547652 0.0748029302585426
"mb75" 0.62797450467156 0.0852657532936964 0.0418074175123468 0.158350801803493 0.078696967519076
"mb76" 0.78316534310731 0.0663695255070638 0.388100709929964 0.224786950648262 0.146035869090009
"mb77" 0.856216650410236 0.0327715797800757 0.833324774522894 0.218765434462773 0.108349360561747
"mb78" 0.736976077216342 0.053068774202299 0.405684536294592 0.203334707454124 0.122869789553466
"mb79" 0.814936519790889 0.0390520662060487 0.684169559665055 0.248638538338014 0.119908784811656
"mb80" 0.718591291316293 0.0557189691979366 0.387612103810361 0.219341452230605 0.145900675193726
"mb81" 0.711139454004363 0.056474599384029 0.384074451023421 0.196514609023156 0.124620668561524
"mb82" 0.917420327304048 0.0336871816243287 0.895763792998512 0.228031854121692 0.113096613836509
"mb83" 0.792039743515684 0.0326522747878862 0.73673012975115 0.21178196268274 0.100939207876269
"mb84" 0.725432907482018 0.0764829991196957 0.177442019890932 0.21338131102802 0.122155132082674
"mb85" 0.638007380565222 0.0814665573793238 0.0416639901370289 0.172208875296431 0.0904053557085006
"mb86" 0.865246708765921 0.0377348808922879 0.760308076759215 0.247719327063582 0.118473556993924
"mb87" 0.759892603720514 0.031525600272344 0.739614893946829 0.201836772325129 0.0991863411472555
"mb88" 0.661661237300489 0.068204965045429 0.135212772279017 0.162061555993621 0.101775451713135
"mb89" 0.633706485883792 0.0725000854043732 0.0721381891748317 0.154779377006339 0.0819560173925344
"mb90" 0.764681213638119 0.0619832865548157 0.412908584699317 0.208602040162854 0.143202327150714
"mb91" 0.678189850010273 0.0829320904403903 0.0722771681426538 0.193597811411769 0.0993797177721854
"mb92" 0.666941923838279 0.0728732027103243 0.125362151154974 0.181153085730623 0.0866715492766856
"mb93" 0.738460518903874 0.0518077209404826 0.425409884973424 0.202575197402123 0.121701362087298
"mb94" 0.717908071533468 0.0780124235140823 0.187190275656814 0.194416852061661 0.113649068866119
"mb95" 0.717143827090642 0.049559060697245 0.425409884973424 0.195688050317283 0.114243438119601
"mb96" 0.70403926009815 0.0287389965440689 0.718767652546532 0.184166321291602 0.0876464520482775
"mb97" 0.642266244800329 0.0605075838664463 0.248082744861465 0.177271798737906 0.113819452512325
"mb98" 0.796807307339352 0.04190448491735 0.656162887833266 0.202855471348119 0.126856800452085
"mb99" 0.698066760687827 0.0790400999294897 0.0624857888857632 0.19266521343055 0.0865617021770169
"mb100" 0.615942786329636 0.081334257076813 0.0418132886600867 0.154168159551609 0.0801868947507795
"mb101" 0.771445211748066 0.0270245483791887 0.625417242008926 0.169603447066031 0.0778560953289122
"mb102" 0.702990178944699 0.0572401576408217 0.310498288951479 0.190724043489108 0.125791912004081
"mb103" 0.613828645158267 0.0834375253574355 0 0.150545803541684 0.0618100204556377
"mb104" 0.800254761615917 0.0531303114444255 0.614780959270338 0.219962696210606 0.153018039185388
"mb105" 0.692852029859904 0.0385341517186479 0.508090906433587 0.185031768239373 0.100681786957354
"mb106" 0.788948250984674 0.0474941101652669 0.549856640827858 0.224493785461967 0.136325948570108
"mb107" 0.621028302853258 0.0685248996918166 0.0208854277049964 0.146541723615613 0.0701101220250011
"ufb1" 0.641065577796019 0.0507275227372599 0.278344977284745 0.170947919719119 0.107010494390079
"ufb2" 0.649786023405044 0.0566411052125984 0.25809330714494 0.176840733693539 0.111607693534295
"ufb3" 0.767147170132245 0.0537819552170491 0.432540458999899 0.209874095517767 0.128572598188489
"ufb4" 0.741246290801187 0.0520216796086689 0.382814697338103 0.194940870694958 0.119815583545346
"ufb5" 0.689113333980771 0.060377195623279 0.239252910674736 0.181706429416621 0.108305344349455
"ufb6" 0.741869238152637 0.039574006905142 0.583308620661919 0.189381750974815 0.115850593720128
"ufb7" 0.654956370196733 0.0634726137632994 0.145692997264408 0.156078387499151 0.103256057691578
"ufb8" 0.787436520006759 0.0616943789887199 0.446384820417542 0.239980654584909 0.167505895660758
"ufb9" 0.721862630644571 0.0728625544134735 0.211073130477264 0.201614866150902 0.120911454745057
"ufb10" 0.667664608107769 0.0771733032481571 0.0826412554055623 0.188514462020615 0.0942050362823305
"ufb11" 0.710193051889561 0.0747936349362079 0.146168533470226 0.203883092054946 0.118205083440067
"ufb12" 0.71574665235324 0.0652278222901613 0.269108484120084 0.195754285633739 0.133716808000888
"ufb13" 0.570245858225166 0.0694617688919933 0.0201859578845789 0.132956632260362 0.0494833119180824
"ufb14" 0.709310996783597 0.0510005573692481 0.34356676887048 0.171482859454321 0.105786528285097
"ufb15" 0.696865945399931 0.0552820500629787 0.281144602370195 0.166222574221682 0.106911198019265
"ufb16" 0.678972902615075 0.0303425030113757 0.641986186759759 0.192850910776788 0.089730866242412
"ufb17" 0.713360704660963 0.045405649796437 0.454698796805888 0.21035599184421 0.131711314660145
"ufb18" 0.601448103261173 0.0715706441479991 0.0209112885216867 0.144462971315528 0.0696000290118734
"ufb19" 0.602226493438871 0.0725768419836303 0.0209070268412126 0.143922792889613 0.0660252901035411
"ufb20" 0.596021071669514 0.0700433598633692 0.0310506505054959 0.141306726162023 0.0664636428633177
"ufb21" 0.661336698177606 0.0370566199137609 0.466206021840985 0.176834113479353 0.0982755642898451
"ufb22" 0.766790487982983 0.0650621369713375 0.398730304729252 0.22137274310946 0.14276207147778
"ufb23" 0.661769139549374 0.0378832018135638 0.47661766788997 0.179273592529474 0.10067682051918
"ufb24" 0.662348396338001 0.0787216297529776 0.0618253218791099 0.186748070905238 0.0835786841158263
"ufb25" 0.80621375903787 0.028821445651566 0.80200255955981 0.188511356897515 0.0898520224782277
"ufb26" 0.710429835651075 0.0397853374481946 0.486322565538791 0.18586055764253 0.114006543539566
"ufb27" 0.611159009730262 0.0291054906735 0.610491357580847 0.184497130200742 0.0846346445124123
"ufb28" 0.673442897519104 0.0383277102508587 0.515740897524236 0.178850301147286 0.109499070152482
"ufb29" 0.734737918110057 0.0324642997916952 0.666700901908425 0.205478157487407 0.098561583137165
"ufb30" 0.723112746626749 0.0429221900347228 0.50526694305006 0.205935069050869 0.115163358527935
"ufb31" 0.700194625036233 0.0377690123346572 0.562696465737741 0.181982805889258 0.110579872604105
"ufb32" 0.666511956412067 0.0367042573326 0.508090906433587 0.175397578269607 0.102982354797252
"ufb33" 0.62863996123076 0.0667719212569422 0.0824672257566351 0.149032889142475 0.0890947415754829
"ufb34" 0.821681503461919 0.0465938278269887 0.644157206260378 0.226861782322691 0.138960099351394
"ufb35" 0.768653653197118 0.0405046739091648 0.604098706820278 0.193918135953816 0.119471245670715
"ufb36" 0.780670190037108 0.0343018060272662 0.698818157029206 0.219381859000972 0.106219840635275
"ufb37" 0.713780042171146 0.0636716684525007 0.279582290249552 0.194522386326603 0.129345225664216
"ufb38" 0.791001023058157 0.0464456795283314 0.552034525807291 0.216779615166647 0.132132609411589
"ufb39" 0.641300515282168 0.0615043209217887 0.156131948801015 0.152051296402725 0.0968406872795305
"ufb40" 0.652268796837684 0.0365117216056841 0.449948281795083 0.170983980610242 0.100359516336426
"ufb41" 0.638576044922392 0.0423628509539152 0.387552207784994 0.168778559326067 0.109806877467905
"ufb42" 0.685922479731037 0.0686785444660979 0.198666330132618 0.186087300911518 0.126166762913668
"ufb43" 0.624021104514902 0.0842588798439356 0.0313520463904876 0.157481741118682 0.0761900958730201
"ufb44" 0.612629858499015 0.0829980614001904 0 0.150261878468354 0.0595519956101322
"ufb45" 0.636070585386525 0.0512726107134235 0.269636043259061 0.156682464007029 0.102045910097121
"ufb46" 0.765085663895188 0.0537561752563888 0.435864209267323 0.207185816876074 0.134641155117189
"ufb47" 0.615920506215549 0.0465332744708076 0.29920669492368 0.159192165033968 0.10299194424699
"ufb48" 0.654331875632743 0.0555114170731914 0.218502438125341 0.155114813811145 0.102012497002724
"ufb49" 0.70903150749143 0.0718448012335807 0.208035599809795 0.188872749358569 0.103067741511869
"ufb50" 0.611024053570358 0.0788368521712459 0.0418132886600867 0.149079414830179 0.0715890976849465
"ufb51" 0.710911838362054 0.0689367444039279 0.218415542447656 0.18981022701873 0.114742976774782
"ufb52" 0.609740840035746 0.0333912775114092 0.47661766788997 0.155659550403588 0.0867478061837852
"ufb53" 0.777577137473502 0.0421586154560409 0.656459439890233 0.208183459362757 0.129533207482392
"ufb54" 0.705476510439035 0.071036789920653 0.200425440306892 0.196972525594756 0.117498454441806
"ufb55" 0.606336020905203 0.0817453463589398 0 0.148612773470855 0.0623229886118989
"ufb56" 0.620985013355967 0.0801222508452352 0.0416532344807008 0.164805247649686 0.0861919794233304
"ufb57" 0.651065805194706 0.0713186644718647 0.0929854763108297 0.182255914227504 0.0955998679533673
"ufb58" 0.656149910657092 0.0752809599233939 0.0826412554055623 0.181876667663804 0.0978990157302681
"ufb59" 0.73755608890744 0.0426253330596745 0.497679260384601 0.197486358851379 0.116054051792936
"ufb60" 0.602402584479239 0.0776041293186601 0.0416432400071116 0.156599912100988 0.0801719160764227
"ufb61" 0.636950066555173 0.0552981264482402 0.238528184068572 0.153592203152045 0.104106621299306
"ufb62" 0.668132860686822 0.0556247849905216 0.230132927143303 0.186631885363478 0.105171432607699
"ufb63" 0.649056603773585 0.0305911698100434 0.589425616673664 0.188666282803824 0.0884255163364846
"ufb64" 0.78233648594645 0.0305241342374561 0.739512188221555 0.193841057773144 0.0922004922999885
"ufb65" 0.691813749830723 0.0476659699637505 0.431524103658933 0.190732483175642 0.118492693457049
"ufb66" 0.760593923306631 0.064638044424012 0.311019436533229 0.217809375304252 0.131487827616089
"ufb67" 0.561493401596829 0.0705728081589199 0.0104470703065778 0.139363023407598 0.0611125289378267
"ufb68" 0.569777534444195 0.0712723175024302 0.0104476630134457 0.143855558829113 0.0619093523068586
"ufb69" 0.576157417521139 0.0706312585439253 0.0104485092100845 0.145865622208575 0.0608213721995819
"ufb70" 0.646172366133131 0.0421364168317372 0.373138263503925 0.163425693246488 0.10051456174042
"ufb71" 0.5944474626634 0.0582160709825028 0.0929854763108297 0.15047584474366 0.0804235590579756
"ufb72" 0.652378129417666 0.0766000194223701 0.0618253218791099 0.180066966184901 0.0877146801706353
"ufb73" 0.707116492909409 0.041471496369213 0.484139239223879 0.196220361901562 0.108272553335988
"ufb74" 0.649832518134864 0.0807919788183629 0.041675813627526 0.179210152961702 0.0863021956302219
"ufb75" 0.67893083799768 0.0802360547169614 0.0421117073386701 0.19024649021284 0.0847156068392228
"ufb76" 0.732329675937739 0.0343599778195327 0.583260583444598 0.20622836638638 0.0980415635366098
"ufb77" 0.74640099151492 0.0533871227510523 0.404434949529306 0.203186912798165 0.129497967606567
"ufb78" 0.68670106412455 0.0492085624620481 0.333140299715403 0.167484050393793 0.0952006662385085
"ufb79" 0.735435455203739 0.0333607661054988 0.610543248671777 0.204320906467676 0.0948665052222226
"ufb80" 0.646060865783951 0.067833257910848 0.114300581673284 0.154101394658397 0.0866137637851435
"ufb81" 0.628657512234315 0.0661716806286114 0.0726259364065194 0.144981796168436 0.0737220716003694
"ufb82" 0.582203989939687 0.0367791931778285 0.414822986966887 0.140179996618353 0.095670258430032
"ufb83" 0.677652459964574 0.0671074359000114 0.168824310328536 0.180771056939357 0.112419135254875
"ufb84" 0.810966922099426 0.0478918670008627 0.589238373721301 0.228736602838297 0.140449051693117
"ufb85" 0.599067315951309 0.080413533267618 0 0.147599151836299 0.0598559723376092
"ufb86" 0.66102250425484 0.0575207591489222 0.17870409072116 0.156039216906034 0.0983270312965453
"ufb87" 0.657785728312632 0.06324085375837 0.157611158240661 0.156051848803368 0.106261689235257
"ufb88" 0.602695305552535 0.0808307325177471 0 0.145835526224968 0.0627756653482854
"ufb89" 0.6472868885936 0.0804998489394842 0.041675813627526 0.178388367394907 0.0818100738565448
"ufb90" 0.726920419382942 0.052173007686735 0.364492094787358 0.176161690360908 0.11285850181439
"ufb91" 0.675418034067823 0.0394640527115454 0.470966651270112 0.186468600410053 0.104051787473291
"ufb92" 0.849542718958527 0.0483781676147103 0.666409654883962 0.240048361566117 0.139037200225512
"ufb93" 0.618978418826591 0.0344749998204234 0.403438270051247 0.153183472280534 0.0867151375504793
"ufb94" 0.653652219013451 0.0631008303221558 0.155078179482203 0.159663410102552 0.0978597562151312
"ufb95" 0.719034242910647 0.0289956386818398 0.666598196183151 0.182343859395477 0.0852209670310317
"ufb96" 0.715881802785572 0.0361024722796035 0.656222198244659 0.177047554042457 0.107874496728074
"ufb97" 0.726409090058217 0.0658674465296289 0.279503504889573 0.198273991537689 0.13033373967067
"ufb98" 0.671302850583509 0.0395362977494583 0.466444322237646 0.185110498547735 0.103413488236126
"ufb99" 0.594159226190476 0.0522192729880968 0.186575963791253 0.137547969475451 0.0837860988806117
"ufb100" 0.648021664890262 0.0502927946903323 0.281066166924758 0.151408991347289 0.0893760251624135
"ufb101" 0.602860879632938 0.080565441192563 0 0.145145226898029 0.0599911791992176
"ufb102" 0.725408502951741 0.0562172058463903 0.352012117458586 0.188024297058084 0.114514007661352
"ufb103" 0.742398744469236 0.0650249511824013 0.341952414866489 0.197625005313573 0.125090072199784
"ufb104" 0.814413965087282 0.0393137632106618 0.70834568966904 0.192463010148762 0.121938400604811
"ufb105" 0.784657269573618 0.0405675677620459 0.604098706820278 0.193794041725434 0.121125012622253
