"quartet" "cluster" "phylo" "mutual" "shared"
"mb49" 0.806282985674793 0.0383536693698405 0.739134777268146 0.244586927073588 0.116111174110121
"mb50" 0.642423047482081 0.0856597221431297 0.0417106011406211 0.158569607301037 0.080768498285394
"mb51" 0.755765156453716 0.0554357179748165 0.436036760225538 0.213625616597062 0.130654771503867
"mb52" 0.719371878799536 0.0569536620194201 0.377709421195602 0.193790569265351 0.115348556355374
"mb53" 0.894125456355792 0.0359720066036104 0.854126899650959 0.231809401979406 0.112061359610885
"mb54" 0.721591098377586 0.0767193445240999 0.144809065820359 0.204182708554051 0.113020655056236
"mb55" 0.755062339729419 0.0651786030611018 0.30863192835786 0.237285110792944 0.147968931947208
"mb56" 0.617376411901429 0.0737023864672683 0.0208033796109704 0.157713186325282 0.0653856008251382
"mb57" 0.865287958115183 0.0380993810646411 0.797744304541367 0.246404508804905 0.122306326376906
"mb58" 0.744080692523497 0.0526055439196705 0.45505482718511 0.201509100887632 0.134510953082211
"mb59" 0.830123231401187 0.0505012978371127 0.623139113608292 0.240648417358691 0.14320995024043
"mb60" 0.755863975771025 0.0722852722667946 0.28980984775959 0.209745367800831 0.133242921452148
"mb61" 0.739494129834254 0.0765133658390511 0.184815773737563 0.218133122800487 0.133226828146402
"mb62" 0.842194399080627 0.0323246879927968 0.833273208529613 0.208509346223477 0.102234642000695
"mb63" 0.645601971859168 0.0730388337217545 0.112929682771294 0.160975103556768 0.08087712994221
"mb64" 0.678104158438188 0.0774448473449518 0.0720339892950883 0.182707166730683 0.0913223771554129
"mb65" 0.859862727544017 0.0328684197013303 0.833324577279803 0.213124440788244 0.102190040811521
"mb66" 0.887033688017832 0.0486434940129531 0.736803547292266 0.307297767838004 0.151099705348398
"mb67" 0.775229694965086 0.047925186713177 0.569705361818578 0.226377426244508 0.131170872652544
"mb68" 0.860092807424594 0.0420290227662433 0.77889629309271 0.269054675576337 0.133021866337976
"mb69" 0.805070593593442 0.0264247127640978 0.854126899650959 0.1725961371061 0.0832622741447619
"mb70" 0.847283623145692 0.0408349819362769 0.74461023155413 0.25922715568746 0.127221723775785
"mb71" 0.706083235323291 0.0734112224348132 0.145098286535461 0.179855404698028 0.0963711278685014
"mb72" 1 0.041030560270003 1 0.27309253174676 0.138564011603888
"mb73" 0.697182930111546 0.072584618823864 0.271018502857833 0.187792998462325 0.126864365452834
"mb74" 0.797187961480064 0.0599399852651026 0.468304325818522 0.223746515727959 0.145893139218251
"mb75" 0.780753922109334 0.0669870027868707 0.346685352759088 0.214780989588839 0.140738726887128
"mb76" 0.873196812266721 0.0380781861984229 0.85407553090077 0.247026235479584 0.122168834600758
"mb77" 0.697078697011463 0.0690220137288417 0.281427599553905 0.186135183705589 0.12703207105542
"mb78" 0.793103448275862 0.029765255139463 0.75525922137978 0.184995912676958 0.0864240052951394
"mb79" 0.7990171232122 0.0429500569710317 0.610465194461559 0.201240191695261 0.117830157928986
"mb80" 0.8778684522564 0.0305139533065996 0.864502376461443 0.199705548282656 0.0946833502058986
"mb81" 0.65572484143072 0.0687808736311079 0.144280409850085 0.163368409963562 0.103155168201491
"mb82" 0.627083607111691 0.0724759261421327 0.0523394202302472 0.147645386842114 0.0706587096966402
"mb83" 0.678584471550654 0.0715192286727356 0.115981248218392 0.164900229249455 0.0835967159265405
"mb84" 0.603339326950778 0.0801594201642591 0.0209273084503749 0.147359614381161 0.0611126599942276
"mb85" 0.792977322604243 0.0395749904982179 0.694710801491822 0.250968194867897 0.119731811831382
"mb86" 0.72684646967712 0.0724836128587119 0.206546371626478 0.191121408993964 0.101767057356724
"mb87" 0.737962756881074 0.0288374761924861 0.726371198640456 0.180416161509263 0.0842348266310329
"mb88" 0.917482981902706 0.0265052833757849 0.750732880368445 0.174119317393063 0.0825015427723198
"mb89" 0.595362807354386 0.0772525246241472 0.0209256455543651 0.1432915469123 0.0576840093359058
"mb90" 0.716124342583487 0.0575238103203543 0.355037776720113 0.189671902760878 0.118997466971929
"mb91" 0.716866116726695 0.0531607068412965 0.382892128516823 0.176586592298566 0.11811434668722
"mb92" 0.699421526995407 0.0767174368795667 0.104199703991635 0.189955519579031 0.0953312038329179
"mb93" 0.760483135824977 0.0438280496021496 0.579421177423398 0.205020848252322 0.120798659726082
"mb94" 0.670019162650253 0.0621618994669205 0.216665591979957 0.166280184290724 0.109982103288944
"mb95" 0.724091409365791 0.047406524104012 0.541552987124706 0.183715928460126 0.125215538996251
"mb96" 0.682897145992817 0.0744378637463766 0.10429124574905 0.186828993781968 0.0987766306736314
"mb97" 0.694818724822892 0.0304687299668608 0.635214511627019 0.180864861976454 0.0817950142872347
"mb98" 0.772903742245347 0.046902985081502 0.558377270360409 0.218451269735976 0.132830692934133
"mb99" 0.573142211346752 0.0687365077409211 0.0103314623060969 0.134571641673 0.0591377355950507
"mb100" 0.628438573918142 0.0707158314084505 0.0523543191898463 0.15025887472215 0.0691278093126578
"mb101" 0.632036241485429 0.0714891509699686 0.0725648389876364 0.151138966572325 0.0732869455354593
"mb102" 0.707166392092257 0.0293781043085262 0.69472700755746 0.187617142585568 0.0887168217709969
"mb103" 0.70147171653763 0.0285092495028032 0.697878322491435 0.175820005259936 0.0807575138548467
"mb104" 0.765165723390483 0.0553339756534724 0.397185345325101 0.246088557637442 0.139867735243574
"mb105" 0.599123722147424 0.0708163081925903 0.0313914659277285 0.137932603590962 0.0643326009818973
"mb106" 0.715052345759958 0.0701032798366051 0.176317161135341 0.184325289795913 0.0922690341580991
"tnt1" 0.648029669974384 0.064163869402493 0.166505294565824 0.159549540798731 0.103813840738949
"ufb1" 0.563763526715128 0.066438107307679 0 0.129475817466704 0.0518823148546778
"ufb2" 0.672339616904834 0.0709943826792552 0.189317186770551 0.172246938559884 0.109687081053844
"ufb3" 0.647978394660988 0.0341812170235963 0.494684096099035 0.152712781426377 0.091918461618994
"ufb4" 0.677748790623894 0.0413195563095594 0.456583495186972 0.156070966027001 0.107737782599206
"ufb5" 0.708947566011763 0.035592855494124 0.569055992541658 0.164474420327632 0.100496097359043
"ufb6" 0.640214606694385 0.0684686860025672 0.104029510691758 0.156402839635498 0.0864865180732344
"ufb7" 0.724887540087385 0.0505939648152351 0.418580245084288 0.195336592976821 0.108163097859511
"ufb8" 0.756993043297685 0.046899393048443 0.478745881530057 0.208271985859483 0.121414755908362
"ufb9" 0.626364543972501 0.0636360544198682 0.133211800291928 0.150670607330831 0.0896020323189395
"ufb10" 0.585227128984109 0.0746955720622809 0.0209260641482868 0.140682281099247 0.0581235668873919
"ufb11" 0.711597445833106 0.0482188652460554 0.415802790710399 0.187127006765594 0.102921121229791
"ufb12" 0.720873457208735 0.0470769416690704 0.440414691914463 0.178908017769196 0.112176818648329
"ufb13" 0.625142986487524 0.0555467034415925 0.187903833600513 0.149205556790188 0.0831353424252937
"ufb14" 0.636713449309466 0.08370448128205 0.0527243273812058 0.156662786312205 0.079936352113614
"ufb15" 0.581470379273764 0.0726419320682066 0 0.131408015966237 0.0544738694426695
"ufb16" 0.746235109013261 0.0316788223352323 0.705210706973119 0.201458565970641 0.0948759722240353
"ufb17" 0.628171750010117 0.0386612811212866 0.458247080183257 0.143285305784271 0.092692639629529
"ufb18" 0.574794779697019 0.0715836223674658 0.0104625554259984 0.130183206653963 0.0475378604679511
"ufb19" 0.578659765674212 0.0707333100319274 0.0104649688257056 0.129670380624289 0.0553530286258573
"ufb20" 0.737013759939056 0.0380162726171294 0.593647469506071 0.178438640906604 0.10436234987344
"ufb21" 0.688977743023024 0.0521028509175735 0.385221745707391 0.17398025435879 0.117328991849934
"ufb22" 0.606457013717432 0.077694924475643 0.031391349585408 0.140599255400544 0.0618065993206706
"ufb23" 0.676883040601725 0.0588728392673847 0.279061870317504 0.162859126934592 0.104540080041494
"ufb24" 0.673053934146622 0.0575671288426199 0.342861345582989 0.174785184597892 0.114445993058098
"ufb25" 0.602065967492338 0.0790444115785532 0.0211441988534098 0.144920319256929 0.0575458441202216
"ufb26" 0.58767779594301 0.0661380512762249 0.0516639649274566 0.135584638053944 0.0637984473859546
"ufb27" 0.735868592197931 0.0505384656671482 0.46141732856065 0.197011657856394 0.111966985478344
"ufb28" 0.562548761874951 0.0661694442348381 0.010468185260537 0.12284545695552 0.0515325318079636
"ufb29" 0.684007707129094 0.0326584390936009 0.616941575975675 0.198674963852377 0.0902584096982395
"ufb30" 0.589010688180506 0.0750914835498957 0.0104630320741434 0.139545236078279 0.0499487047760721
"ufb31" 0.688239735631846 0.0611859972983469 0.344351327993008 0.181048219198427 0.12240745618323
"ufb32" 0.65433181451331 0.0688857904325021 0.114809485228945 0.154415269287781 0.0753912346016065
"ufb33" 0.701775758373941 0.050136105048152 0.355373246871581 0.18877572936243 0.10547074707466
"ufb34" 0.61788589230712 0.0709986961284872 0.0315742122089006 0.15784304229346 0.0656104762773464
"ufb35" 0.627594993629619 0.080689909231872 0.0417263397903114 0.151782617566976 0.075877266573666
"ufb36" 0.698389421253571 0.0361510654296018 0.55584194797909 0.164097383051788 0.0998599610073098
"ufb37" 0.697331498752847 0.0728349093318947 0.13300168414093 0.193175077073213 0.101287088935717
"ufb38" 0.664000110264221 0.0715761070720419 0.0926617137369432 0.180333972572265 0.0952707701211653
"ufb39" 0.611705200419654 0.0691599533975636 0.0417839345287391 0.14058789607443 0.0656515062895366
"ufb40" 0.685409651300277 0.0555357275425915 0.363516173104331 0.182237223190847 0.11773633410492
"ufb41" 0.722427978975849 0.0379324248542979 0.624932740285393 0.180607696669294 0.107174391101217
"ufb42" 0.739193152858585 0.0474658610692992 0.472119676014516 0.181659418377231 0.117691947605543
"ufb43" 0.698406211687781 0.0382135616015911 0.572849953926066 0.178282305277534 0.103780092624969
"ufb44" 0.560183451345808 0.0673335998736572 0.0104631797271591 0.123875646652777 0.0489602026285009
"ufb45" 0.549617243883759 0.0667156012954642 0 0.122186558596569 0.0555885264997808
"ufb46" 0.707742539443341 0.0395828041287391 0.531795643457218 0.186327797276573 0.104953796031292
"ufb47" 0.721303974835573 0.0329131508241233 0.673866096750454 0.202441389891145 0.0954670692248209
"ufb48" 0.532896853725511 0.0662604651134293 0.0103137741085489 0.121125511414433 0.0506075094188324
"ufb49" 0.683061765820386 0.0259011828577117 0.715783128048701 0.161256457671292 0.073728616504662
"ufb50" 0.669756205783026 0.0343446833237166 0.55117972085008 0.160701671061562 0.0971556356472022
"ufb51" 0.742332526230831 0.0631889119075191 0.325449845487129 0.205221304493756 0.129361390889638
"ufb52" 0.755508975599269 0.0348252207205721 0.6848515991115 0.218594810333598 0.10358179671924
"ufb53" 0.681161874268826 0.0586225270479246 0.283172856577724 0.175803900158696 0.112973465868009
"ufb54" 0.58713111683804 0.0747997567961375 0.0209255949930828 0.140792918259647 0.0520911887624435
"ufb55" 0.754606705089699 0.0464279897538723 0.484081434973559 0.211812981373158 0.125791643871037
"ufb56" 0.766509723643808 0.0607901640881512 0.362563550332866 0.214062490544339 0.141524744436728
"ufb57" 0.78068564269713 0.0568855428773863 0.435495532549807 0.213087932489323 0.140139307621151
"ufb58" 0.61570714000813 0.0661582631482883 0.0723260269240414 0.139599249087423 0.0658228167824742
"ufb59" 0.683507018052797 0.0393220741352783 0.489198562993382 0.17795166280261 0.106170164154976
"ufb60" 0.622406547001139 0.0803670372768528 0.0209296765074208 0.14864415176638 0.0595159926566283
"ufb61" 0.621413491402935 0.0802327195084985 0.0416959380480542 0.147373405126866 0.0668200673884664
"ufb62" 0.60616496627577 0.0786538789690738 0.0207545094212723 0.141778754399616 0.0707507408537887
"ufb63" 0.520212927295338 0.0632404410451069 0 0.109901981531864 0.0445959518798663
"ufb64" 0.57770689546177 0.0688865601527011 0.0519243920082507 0.133147947539106 0.0606024886274104
"ufb65" 0.642545499875343 0.0284507780989061 0.635317249127398 0.173512376671046 0.0803194871491672
"ufb66" 0.583799125417816 0.0682087260764433 0 0.139472610250809 0.0508947277818111
"ufb67" 0.591923590374797 0.0762423160616723 0.0104643189659294 0.141645849629105 0.0570035205169135
"ufb68" 0.608208546527093 0.0514986531590478 0.195781970503504 0.14582218395239 0.0897929387473596
"ufb69" 0.648832304928532 0.0277309296296166 0.638184713712778 0.166031509497031 0.0744441324958956
"ufb70" 0.645120593692022 0.0337227896166064 0.510279412367422 0.15244491630611 0.0840324395760922
"ufb71" 0.655446051452707 0.0286868814162349 0.673707704168291 0.180830170575576 0.0846041607724713
"ufb72" 0.666310549075184 0.0517968058428476 0.251326388231634 0.167234327565019 0.10263386517885
"ufb73" 0.686611317873843 0.0346640138537467 0.614444985086076 0.162496405486411 0.0925111506162195
"ufb74" 0.588930249872039 0.0696753559110694 0.0103391630191419 0.143411232175214 0.0600043888207269
"ufb75" 0.637847133757962 0.0393581291911967 0.510528198338241 0.154733855790206 0.10453749053597
"ufb76" 0.638081028348445 0.0335693852528329 0.562480861939168 0.159257507701981 0.0893371807484231
"ufb77" 0.645527533767828 0.0700970240036023 0.105057990445411 0.159508866448667 0.0837151046172772
"ufb78" 0.700084961767205 0.0308381241759319 0.648884968514769 0.185401085150789 0.0843342467930413
"ufb79" 0.623373943410453 0.056521589487191 0.175245341635785 0.151345215799479 0.096673325207347
"ufb80" 0.694948308531032 0.0659018119714904 0.165931681973733 0.171698253566723 0.0958628815767445
"ufb81" 0.689659432016108 0.0610680540068129 0.165231125116934 0.195227000369971 0.103394004522877
"ufb82" 0.712048891466298 0.0408074501174461 0.489198562993382 0.183257972748972 0.111023342189763
"ufb83" 0.707934376459598 0.0319735036547313 0.666587103051613 0.150931515007507 0.0904453662319661
"ufb84" 0.659624584152886 0.0456956815874202 0.387830066331687 0.153005061766261 0.104291212586005
"ufb85" 0.566386181971375 0.0675403521226312 0.0104663745968636 0.124281521648958 0.0523115178085732
"ufb86" 0.663071694763784 0.0651046891169629 0.156998230822633 0.162410300883042 0.104594426416953
"ufb87" 0.613714739436472 0.0743284487605947 0.0417434948187379 0.139560900331203 0.0682487784315372
"ufb88" 0.633484464595279 0.0355595007960117 0.510398075579841 0.167516439041631 0.0946345994684591
"ufb89" 0.639039811100194 0.0735729205152663 0.0312716594115721 0.164362818798427 0.0705801112542601
"ufb90" 0.603132228249379 0.056888293037408 0.133825566771754 0.139107772016321 0.0807827421165377
"ufb91" 0.643586183846876 0.0690279933655039 0.104845005338422 0.15685079155853 0.080342094304022
"ufb92" 0.649148667724326 0.0423177323275932 0.437242689872187 0.16133958127487 0.103669530488784
"ufb93" 0.659742479803689 0.0527455715936812 0.303673141363414 0.155828306701377 0.105104431597208
"ufb94" 0.622471715949866 0.0812391068016775 0.0317212891882665 0.15037250849851 0.0642098513150965
"ufb95" 0.615083145384325 0.0597374503379961 0.13559117970927 0.139532834381919 0.0863398530817058
"ufb96" 0.637857872274638 0.056462963477957 0.228555860276698 0.152845040369758 0.0904417952367382
"ufb97" 0.57824801466976 0.0736613155288492 0.0209256455543651 0.136737026939285 0.057583021233992
"ufb98" 0.586712376054077 0.0741628993232617 0.010463534292876 0.138411566887551 0.0472974906663096
"ufb99" 0.520929645067576 0.0649578859452672 0 0.113757630028964 0.0487007534219932
"ufb100" 0.632165515917146 0.0464398186880902 0.336203069722527 0.151460133934113 0.0982707858467009
"ufb101" 0.803658704143522 0.0489091690878467 0.54763470925067 0.224733677519003 0.133520689012654
"ufb102" 0.566621383117641 0.0706267805663055 0.0104617677182099 0.1328376723686 0.054217338030603
"ufb103" 0.728394689652055 0.0393877500555371 0.63535479640175 0.153251134708013 0.104574842018619
"ufb104" 0.581886159653271 0.0680636412252304 0 0.138648270713269 0.0509266093414781
