"quartet" "cluster" "phylo" "mutual" "shared"
"mb49" 0.65658546218843 0.0952018465124503 0.0104510763695877 0.174201296690825 0.0756939158135113
"mb50" 0.764271865575183 0.0370752923007673 0.655925377403987 0.232214814751304 0.11038932705493
"mb51" 0.815854629056504 0.0421222192981271 0.757938983120886 0.271683893011179 0.135019790611422
"mb52" 0.932980958189334 0.0312397199323678 0.895758439895995 0.206514143469044 0.100725691713596
"mb53" 0.86043956043956 0.033816885373882 0.843894437343438 0.221564728352527 0.109134744695096
"mb54" 0.632946907243467 0.0856235709190196 0.0104558604125088 0.163671384356054 0.0794056557888467
"mb55" 0.755361930294906 0.0493461064476745 0.489396741597325 0.226395922606851 0.132742603192844
"mb56" 0.679288623214059 0.0702277545770652 0.1879182204148 0.181666584566572 0.109375774357623
"mb57" 0.70947219306123 0.0673574767741719 0.229058990046515 0.201914834609062 0.128447588504532
"mb58" 0.81657061272696 0.0568874887720477 0.583273005960776 0.199606801369158 0.141837347217559
"mb59" 0.89167457702831 0.0354670693599989 0.861615093813722 0.23711878743982 0.115486251043096
"mb60" 0.823507201035655 0.0355483712883544 0.770873989770745 0.229848939134764 0.111327363231762
"mb61" 0.657234142046924 0.0698488183265739 0.0942320294923588 0.177377340170573 0.086245485060999
"mb62" 0.807999519548375 0.0397449172379889 0.63530860613565 0.241061358753117 0.11480373020718
"mb63" 0.661539397568563 0.0801964542198029 0.0522839874905874 0.176045607965866 0.0886373800219347
"mb64" 0.951537187039764 0.0427915089809631 0.884132412514978 0.280990148476731 0.140136946599305
"mb65" 0.700610482470982 0.0748907344874367 0.177025866492618 0.18887598386942 0.127676139921705
"mb66" 0.687809587497149 0.077193319934789 0.104546573640281 0.181579162707489 0.0995382489494664
"mb67" 0.788430751716532 0.0493024810265537 0.550127715137702 0.234960434145837 0.130773332102611
"mb68" 0.857939170905942 0.0360270442531863 0.781246790281257 0.232007839281949 0.109262114571939
"mb69" 0.991942981096994 0.0373307456581328 0.979151687979199 0.251818116652243 0.12681514161975
"mb70" 0.876411427161103 0.0321211009064943 0.822943414322859 0.209297778201214 0.0994217741520761
"mb71" 0.742204642284342 0.0561938043021736 0.37702103586393 0.216908213476121 0.136979534527123
"mb72" 0.658755812541635 0.077892274701647 0.10439806052241 0.172687776998223 0.0944671899133224
"mb73" 0.699613752257235 0.0702160685651144 0.19796146981697 0.189403487087282 0.132603511587462
"mb74" 0.694162794130144 0.0646103295435412 0.261162223769011 0.189799706376682 0.130227833834478
"mb75" 0.84620948122822 0.033346909323729 0.768472400164979 0.21413421986875 0.101782236359871
"mb76" 0.701907878488516 0.0598035558176373 0.270981529487303 0.196443359641365 0.126229285227222
"mb77" 0.822097029518577 0.0374355036779912 0.768472400164979 0.241878254412851 0.118135956417621
"mb78" 0.795055535650305 0.0350874330489467 0.726131156853585 0.223966789071875 0.108170994924069
"mb79" 0.723097494331725 0.0541354954126203 0.365929712100771 0.206185166615916 0.133166216834696
"mb80" 0.743708285175814 0.0528674977877226 0.434269023324462 0.204206032545861 0.136527479639106
"mb81" 0.949105112808255 0.0322301335267395 0.936799497735443 0.216138572099817 0.106660631961248
"mb82" 0.74188621611302 0.0349058104070248 0.63530860613565 0.211611147698252 0.0997754448892574
"mb83" 0.786167512690355 0.031827232877991 0.808442573367141 0.211796054090798 0.104922804116367
"mb84" 0.826407071724292 0.0408180694560512 0.687537071205829 0.198332290004914 0.123941442753849
"mb85" 0.68970993334165 0.0672972294429034 0.240093903207167 0.186899789171032 0.117824219042938
"mb86" 0.625668195913792 0.0752824925801907 0.0104524443073455 0.154444563075737 0.0677168999435234
"mb87" 0.733267785659105 0.0257358491365101 0.66714598466563 0.165796774952599 0.0782293493210165
"mb88" 0.631368925306478 0.0880157723024945 0 0.155126889854299 0.0590046098870792
"mb89" 0.707472764609655 0.0579201677036762 0.352542058685024 0.185028575836132 0.122499788101139
"mb90" 0.638628131669604 0.0687362194745411 0.0732715905777341 0.16607753152663 0.0738226883801045
"mb91" 0.717716568902491 0.0624288875252144 0.280933912592106 0.18651825444788 0.126229497638005
"mb92" 0.80725629006027 0.0396479211202768 0.663195117661679 0.18882116457067 0.11207279221861
"mb93" 0.803026825939391 0.0475824264339795 0.604130857509528 0.190794087886791 0.130293852700609
"mb94" 0.697458609437919 0.0578627455032799 0.290858932834121 0.186543070161755 0.115149593155175
"mb95" 0.815442225392297 0.0490728997407545 0.624983472696705 0.195677710813929 0.133520697341625
"mb96" 0.683591421766206 0.0743785112745436 0.103908487127682 0.175541703799756 0.0991196212335228
"mb97" 0.66375026779729 0.0573093700965849 0.249891410729397 0.186374195066037 0.121720290097245
"mb98" 0.65639500458161 0.0698285951167922 0.147599661227803 0.171061788600407 0.0927351180969362
"mb99" 0.660003757137137 0.0748711170782005 0.116000993659544 0.172373725285661 0.0920130578914621
"mb100" 0.863759618908025 0.027509135956423 0.864537327364683 0.180183781776891 0.0879998842923668
"mb101" 0.619414247059889 0.0817587489888336 0.0104576779982164 0.159439106370803 0.0751422579938301
"mb102" 0.642380362386203 0.077059982558817 0.0104543300310729 0.163631743164634 0.0673580984484592
"mb103" 0.652429813849163 0.082005610472749 0.0835837093143623 0.176098854349768 0.0876334100637926
"mb104" 0.640619029423003 0.0782671962090788 0.0626877819857718 0.162248288104231 0.0767371361410759
"mb105" 0.780773236934011 0.0300969404861307 0.791722301791546 0.195358164827153 0.0948689039472928
"mb106" 0.787690427526918 0.0522643560530178 0.543130570850352 0.204884919864556 0.141371949145311
"53" 0.650687578659461 0.0854288219561711 0.0626798076590433 0.175264661935028 0.0800196457836064
"76" 0.874510656807308 0.0392113912777174 0.81246292879417 0.195391515068022 0.124628327795727
