"quartet" "cluster" "phylo" "mutual" "shared"
"mb49" 0.857171137285955 0.0408947970006072 0.760322225448084 0.260304579240371 0.126119277775122
"mb50" 0.817515559974957 0.0509896054086366 0.593957069468685 0.242815539176336 0.151835172479874
"mb51" 0.885334441213128 0.0288441242542118 0.895850332008483 0.194219285358048 0.0938112440065565
"mb52" 0.771776130109764 0.0815944133199005 0.27023869186545 0.214111888575635 0.145256810591484
"mb53" 0.685242721844091 0.100314616113486 0.0209133994474097 0.185704623728515 0.0866802577800518
"mb54" 0.698222167223528 0.090382060093291 0.0731713011181611 0.19819150083775 0.122707512101311
"mb55" 0.719870889535648 0.0773031876560997 0.134547630243131 0.196783159708631 0.120180535914189
"mb56" 0.771118045344973 0.0731567040378379 0.270021977894194 0.217075236672116 0.134885717963759
"mb57" 0.750134674088705 0.0569387863232749 0.414299964081133 0.219086219431424 0.143741056676742
"mb58" 0.853151784745579 0.0371261231008934 0.7498969864819 0.23372444988264 0.11309898702912
"mb59" 0.811782530155585 0.0336595548510822 0.747484027286581 0.21571980036298 0.10250462730265
"mb60" 0.858171994597028 0.0385879234412191 0.736740727910194 0.245459638050152 0.117203714577159
"mb61" 0.819704176712061 0.0324976628157921 0.757705975091481 0.208855339278093 0.0972382127044306
"mb62" 0.798724118634583 0.0421353893275094 0.675393259352542 0.204617579989314 0.125686880275761
"mb63" 0.782379392660856 0.0378603484229038 0.656275279126894 0.234142229808125 0.110840628062487
"mb64" 0.717563993581494 0.104149550079419 0.0310617239172995 0.203548258077762 0.108332405696083
"mb65" 0.644389408314463 0.0708857192806878 0.0832995836007561 0.153134969124853 0.0966832439514474
"mb66" 0.88530826899407 0.0343703585733269 0.843826858847887 0.226642734174211 0.110349743825585
"mb67" 0.736540103180789 0.056831346568573 0.477894910694456 0.198190565770975 0.139972917939133
"mb68" 0.776393584018474 0.0767383165331245 0.31188693738648 0.211513328877762 0.154521833839623
"mb69" 0.812036211117648 0.0467552632249702 0.599879563640813 0.224097634293888 0.134117968083404
"mb70" 0.72215687219785 0.0659729470565509 0.228746801797837 0.192011415050379 0.13050335163114
"mb71" 0.800556025625529 0.060296079901304 0.465582328932303 0.232264833074924 0.157141803207185
"mb72" 0.720477166546636 0.0690822611496494 0.186991813846127 0.186150723929206 0.113444198247288
"mb73" 0.86569060034764 0.0331261155595396 0.781326785885944 0.21169923507938 0.101772724748921
"mb74" 0.879509055530609 0.0395965507158201 0.822873659245191 0.257721791818566 0.12676133390039
"mb75" 0.910201406268621 0.0355219398560785 0.852568579721933 0.23060050270312 0.112876228696838
"mb76" 0.69887972020329 0.0530824002986858 0.280951362685467 0.187031089930143 0.120762909779815
"mb77" 0.847870509787051 0.0378364997566835 0.778878819198632 0.242691245461965 0.119770410182236
"mb78" 0.708571259065897 0.0705854982922475 0.157457272997426 0.178862221102326 0.117528924267262
"mb79" 0.997688142605098 0.0339448209064006 0.989574761033816 0.230747005466975 0.115507736104176
"mb80" 0.657803926246549 0.0829921933561184 0.0522752300997555 0.171677340421006 0.07350425807842
"mb81" 0.693256165072974 0.0310505531129806 0.68744827435512 0.194134143403171 0.0908795753466392
"mb82" 0.78275942376152 0.0666648440708399 0.340932370684967 0.215396789744373 0.141210045769569
"mb83" 0.691189308978578 0.0627266043806603 0.249232715333371 0.184961469916995 0.121815741367189
"mb84" 0.692923449956181 0.0801001127154927 0.125398820515763 0.190594916166793 0.120468144064453
"mb85" 0.778034089452775 0.0348476997428034 0.677408706046308 0.214358921759307 0.10254039807948
"mb86" 0.670589402413165 0.0841135312606963 0.0528036481441945 0.179904110754691 0.0749089389774081
"mb87" 0.727188398990195 0.0491615509885591 0.509135917008208 0.194242520585131 0.130719510537234
"mb88" 0.721466024398206 0.0601414473151732 0.301522366498069 0.198695070538922 0.124707905948172
"mb89" 0.748460513355351 0.0811212436730109 0.212092837741778 0.203742618141033 0.122974181238114
"mb90" 0.604571220433902 0.0340735053112521 0.433528011637235 0.153077459412928 0.0844638938941433
"mb91" 0.772048627472098 0.0623784533873478 0.416097815896685 0.208858016030779 0.147544903268383
"mb92" 0.7373167752443 0.0448694789329278 0.49756705933367 0.208324987068202 0.126596203898543
"mb93" 0.753139954157339 0.0579504872651135 0.386106561063536 0.190582867687175 0.134442092052631
"mb94" 0.621460728930691 0.0703805767543734 0.0623365530666698 0.143486700904542 0.0808094930457794
"mb95" 0.69935442514178 0.0758269471121741 0.116258199829666 0.185642498283837 0.102991728993849
"mb96" 0.636690651819748 0.0814675219765627 0.0522643161614892 0.160460690407314 0.0675864839861389
"mb97" 0.648585945580642 0.0684214623498233 0.104969346734357 0.154530709182465 0.0986820548770489
"mb98" 0.734738372093023 0.0352079769185654 0.676920313718608 0.221264653512062 0.105082787524416
"mb99" 0.656157024758491 0.0913897652571881 0.0209113064087183 0.169052237367423 0.0710187396381088
"mb100" 0.756362035851472 0.0462514277676398 0.529269391636071 0.216002786181788 0.129043618537105
"mb101" 0.687863917553532 0.05703775055459 0.280615224375155 0.187055120216871 0.11452243185265
"mb102" 0.688846284249374 0.0718355296954861 0.115460140182484 0.171398166010566 0.106686805417628
"mb103" 0.823389021479714 0.0547120024560216 0.561427069873654 0.214261429035424 0.145759110770563
"mb104" 0.674506230914211 0.0853782876399035 0.0528036481441945 0.179872388324433 0.0781004826717494
"mb105" 0.709231086941557 0.0299469923713277 0.656121196621403 0.184704400211903 0.0846560816178536
"mb106" 0.76282120850366 0.0485896254301906 0.594359338026692 0.195769697488014 0.127108802020708
"mb107" 0.757379092875738 0.04669240011356 0.569671983275548 0.224409399547984 0.14162050946518
"mb108" 0.758522118201958 0.0280816126989082 0.765942660620648 0.181163613121891 0.083343635239452
"ufb1" 0.648747639738836 0.0378714362461869 0.416468134071886 0.168345405104611 0.0927526287377595
"ufb2" 0.804093003321547 0.056121053303402 0.520457926971811 0.212842018269939 0.140099068936055
"ufb3" 0.766451829559692 0.0649462804893166 0.353573307617257 0.223944238263905 0.144497182715948
"ufb4" 0.741138245466932 0.0545735750672802 0.385626633617369 0.209382523803084 0.127999308327494
"ufb5" 0.725349745109743 0.0595299173983094 0.30221658838306 0.194295152584842 0.12653820103369
"ufb6" 0.775185957814443 0.0538816089788954 0.432609835179425 0.207758554614587 0.129683182982326
"ufb7" 0.732677827404861 0.0722040292510888 0.186593784395451 0.199477300475508 0.113384252037406
"ufb8" 0.636622981004333 0.0800075912438252 0.0527943739042372 0.161169571715281 0.0657865205338198
"ufb9" 0.75046351837714 0.0341985805679387 0.698822907249 0.220950297524193 0.104867582038048
"ufb10" 0.765439374380274 0.0674715241613888 0.326715758674726 0.198399498772044 0.140512658177916
"ufb11" 0.698933691510649 0.0999323787765609 0.0106756093823893 0.191106766657679 0.0902322708218366
"ufb12" 0.680430397453701 0.0973337413339461 0.0206306798082981 0.182547793371567 0.0872459622652256
"ufb13" 0.71443299712335 0.0580789439786703 0.271147543701291 0.191010249268111 0.126819617822781
"ufb14" 0.696495865909219 0.0348379059783717 0.612795028153879 0.211367706741788 0.100504252168609
"ufb15" 0.674381539740836 0.0621071027542073 0.219448831645321 0.181516137799773 0.11948539983787
"ufb16" 0.74936451448907 0.023422517534227 0.810430488433495 0.152087948670959 0.0724602600280298
"ufb17" 0.739553898875729 0.033155541812241 0.656172557456567 0.201931269030344 0.0940206063995089
"ufb18" 0.663998714402062 0.0938548871057264 0.0211284138801601 0.173572447090509 0.0718106054990316
"ufb19" 0.644633896446027 0.0810892689942782 0.0522528157327623 0.16530105195057 0.072110381950698
"ufb20" 0.667326624783635 0.0951236607841948 0.0209121280044841 0.174473125770979 0.0754002981988251
"ufb21" 0.780940243557066 0.0476653907348131 0.492241640060382 0.215798358571643 0.129674592426035
"ufb22" 0.775590858456495 0.0591097423083189 0.426563464462086 0.196461409869621 0.12838979742838
"ufb23" 0.752861626393815 0.0624076237024913 0.367878691157817 0.186303684067709 0.129795258480621
"ufb24" 0.715565392727188 0.0636106408794813 0.283867545006185 0.173172831196957 0.11803790446594
"ufb25" 0.644568799014199 0.0632795489579999 0.177312107802091 0.152004992295756 0.0993921822179216
"ufb26" 0.614868398759494 0.0643594031751014 0.114550585935102 0.140278165995514 0.0811943093241166
"ufb27" 0.611917955463501 0.0653581345783667 0.105259169464672 0.140267033893259 0.0839547553379318
"ufb28" 0.709569687395123 0.0996954372770958 0.0422428278936735 0.194729883438016 0.106049167810416
"ufb29" 0.639395754987571 0.0827236618409118 0.0208998164816621 0.168439987191151 0.0755708024476918
"ufb30" 0.657524641425254 0.0878792886019144 0.0209011262931049 0.181702579782401 0.106038740334569
"ufb31" 0.813964486865299 0.0442034643191649 0.623385237805638 0.208677420138301 0.126786043207468
"ufb32" 0.770464509684222 0.0353214456424242 0.687756439366102 0.22454918503367 0.105630267729024
"ufb33" 0.657876835009281 0.088434624100119 0 0.170031164621215 0.0563144043027559
"ufb34" 0.58578459509045 0.0760774523052529 0.0104578452315069 0.137039522921635 0.0583976219958958
"ufb35" 0.670859237957461 0.0710887714201426 0.156383344690734 0.180144158070399 0.119301215865384
"ufb36" 0.711857183990786 0.0495578863345124 0.416445375473026 0.185586738589249 0.124806287917169
"ufb37" 0.632425780903203 0.0673299164219352 0.0840792853163404 0.150481314028677 0.0949402370336541
"ufb38" 0.5848302223056 0.0379385649427538 0.386489731577741 0.143505744858469 0.0900142012242934
"ufb39" 0.552402828446606 0.0396363356739375 0.274210987477177 0.124756279135063 0.0836662916017534
"ufb40" 0.631643067926469 0.0693997784431957 0.0631320827100915 0.148053442115193 0.0875105420236522
"ufb41" 0.80127830390896 0.0482561391538446 0.545218437436523 0.2231085456385 0.138445953521819
"ufb42" 0.620508768014092 0.0725805155459829 0.0619880900265695 0.142001793068518 0.0819455638127187
"ufb43" 0.645109798645475 0.034835636219787 0.4863209185254 0.159480081517236 0.087960374560913
"ufb44" 0.726822285840123 0.0395482797933758 0.613377668136079 0.157444470038711 0.109064639564978
"ufb45" 0.758633941381431 0.0339088837570183 0.705177570181962 0.165671257673423 0.0998060174298513
"ufb46" 0.66414686825054 0.0950452877262082 0.0209113064087183 0.171324104701895 0.0745098370146384
"ufb47" 0.621048214180333 0.0713300652158737 0.0525327167991184 0.141929752877906 0.0824989707045238
"ufb48" 0.781243160428978 0.0399213130523022 0.635544698246254 0.193282623890873 0.111724929230059
"ufb49" 0.736626857647556 0.0612008762795349 0.323328807878186 0.184917554582979 0.123959089545214
"ufb50" 0.728131912326563 0.0344084954525431 0.621017854189801 0.205227794936874 0.0942574294578438
"ufb51" 0.783526035952401 0.0468895099581293 0.529009470660035 0.211990706087224 0.12301906315822
"ufb52" 0.614659167720465 0.0667702804909804 0.0838059532019066 0.141339858261639 0.0807105054314632
"ufb53" 0.682926679845126 0.0753228352703239 0.0625673875985052 0.175021243900169 0.0912721738135881
"ufb54" 0.650027531891462 0.090214018838537 0.0211204325135289 0.163695434208939 0.0687697879334126
"ufb55" 0.776997528354623 0.0410701749247025 0.612792958839315 0.194710858673484 0.116366158327105
"ufb56" 0.735990531630362 0.0748049868745631 0.17613841439386 0.203568080403843 0.118396264486176
"ufb57" 0.653579621372847 0.0597390196921573 0.17793952513767 0.171512908494274 0.101287940605924
"ufb58" 0.66805601204902 0.0657395919580293 0.167314071772629 0.17629638427071 0.109615296172436
"ufb59" 0.680776130790565 0.0959322358581047 0.0104883781493998 0.183199901003574 0.0890850544648154
"ufb60" 0.679225459973857 0.0968352206031461 0.0104763257493942 0.182492285797963 0.0831484917422878
"ufb61" 0.751918213382485 0.0540364907683828 0.364771228872062 0.204203107650365 0.124355742989257
"ufb62" 0.811159853269296 0.0499887531884925 0.566324858385518 0.236883419441614 0.146264595937279
"ufb63" 0.762687510776481 0.0353677274011981 0.666803239763406 0.221047418446316 0.103084867833934
"ufb64" 0.801415511648481 0.0338570156377543 0.694706435084688 0.213534507639743 0.100452584134428
"ufb65" 0.708766171075497 0.0450939435648811 0.440598068362001 0.20317724207033 0.118809136401004
"ufb66" 0.695058520134894 0.0842591538135111 0.104448108560209 0.194274872059521 0.120899760772344
"ufb67" 0.633157310575284 0.0817674807814219 0.0211168536086428 0.163113907415406 0.071465027164361
"ufb68" 0.759617798790107 0.0675470490636955 0.322166438371478 0.201392082774751 0.143645782026661
"ufb69" 0.663966192988986 0.0427766380376397 0.32268834565656 0.179349772290763 0.102120542299454
"ufb70" 0.688569873774118 0.0694415435428722 0.115480845345437 0.173828667113624 0.103617174007696
"ufb71" 0.676507517652347 0.0734407437769919 0.1359149479954 0.181201164717457 0.109102169539589
"ufb72" 0.640454340271403 0.0668547123806184 0.113357428104117 0.150764554944427 0.0881024462818649
"ufb73" 0.670452616968179 0.0934470781811703 0.0102839205027258 0.173239043537636 0.0735037605365317
"ufb74" 0.74954998199928 0.033806312266444 0.642085720205607 0.209352398727603 0.099281829173271
"ufb75" 0.766716045374297 0.0459307683010462 0.510525484114878 0.209022521349305 0.125900223956067
"ufb76" 0.729620853080569 0.0331477617653426 0.663094333057047 0.160177750787391 0.0958227262829392
"ufb77" 0.693352637213742 0.0753207859152214 0.1359149479954 0.189345535084775 0.114756502199514
"ufb78" 0.707409255143846 0.0628980841915293 0.177305951374963 0.181324822212224 0.11587173592667
"ufb79" 0.700176810510882 0.0963044869751185 0.0310823036683487 0.189856079590063 0.100171618705714
"ufb80" 0.597489888002812 0.0779524036002393 0.0313708239442677 0.14229832927838 0.056379815423987
"ufb81" 0.599904976334871 0.0776372319018139 0.0316822775951608 0.143294835968919 0.054857308906844
"ufb82" 0.730526461815912 0.0293323156064678 0.755348987542686 0.191799916297049 0.088704387145832
"ufb83" 0.593980668342689 0.0782686489255775 0.0104561522922778 0.140820793637447 0.0586448692192306
"ufb84" 0.747496595369703 0.0443562530759974 0.533651785950077 0.210828182667002 0.120772626210265
"ufb85" 0.65335688507865 0.0612940953172496 0.220910790013684 0.155687825359786 0.103859574343114
"ufb86" 0.629900919838074 0.0772484074892165 0.0515629827418322 0.154130600266845 0.0792503859397276
"ufb87" 0.64687403413129 0.0892472249921218 0.0209097300532752 0.16302668264908 0.0668061254834367
"ufb88" 0.638375588969206 0.0864875146211424 0.0211181426447816 0.159477103524307 0.0680744791517627
"ufb89" 0.785783393090888 0.0366179881753384 0.648835317378536 0.228764992452397 0.106902666457227
"ufb90" 0.68204214900564 0.0679502576363881 0.198291579792812 0.184766916620144 0.122066917774256
"ufb91" 0.683934015134217 0.0833287375121226 0.083640795223696 0.188231076304763 0.116002260748538
"ufb92" 0.866569304301646 0.03139547477468 0.852568579721933 0.205407660744216 0.0995787689827374
"ufb93" 0.69456879359391 0.0846963995555904 0.073185695820734 0.191306732977991 0.113391894906886
"ufb94" 0.646953307000617 0.089816278933698 0.0209109218686747 0.165010733737972 0.0715037636561297
"ufb95" 0.760522664199815 0.0506003466259318 0.428114967229069 0.195663168891298 0.121328882962516
"ufb96" 0.711656581801576 0.0387105842086856 0.510366564581954 0.177992124581926 0.101774778244242
"ufb97" 0.681489639980726 0.0277791990287732 0.694758334316154 0.177068060614725 0.0819965533044939
"ufb98" 0.727711872761329 0.0475353930984167 0.467054091141116 0.191401858123796 0.11281197397776
"ufb99" 0.640008821496281 0.0698391060722592 0.0838996475637327 0.149759312211205 0.084946194837649
"ufb100" 0.6978993532887 0.079487053759478 0.125069251358297 0.180732489163992 0.102115570077967
"ufb101" 0.558091527456842 0.0656724156523286 0.0204994513342805 0.126942641777862 0.0645980183590484
"ufb102" 0.757770295872081 0.0544663984626869 0.417726390678286 0.205207445161298 0.12460645727845
"ufb103" 0.69438883128955 0.0935773444297968 0.0422705575858898 0.184537740993055 0.104227169795048
"ufb104" 0.70656923892218 0.0964294357545782 0.0310823036683487 0.190096829996428 0.0915771659725727
"ufb105" 0.665332441286393 0.0460759496212202 0.343583694978326 0.168436850961146 0.106641457843565
"ufb106" 0.602874893409672 0.0302547148379076 0.552178139361632 0.186834826054904 0.0831034564082655
"ufb107" 0.507591391509434 0.0220206387643449 0.638313494619224 0.137774289657177 0.0629409460308138
"ufb108" 0.634760163831691 0.0701356599697619 0.0828216290470456 0.145388717594234 0.08665656325316
"ufb109" 0.627209538119495 0.0589255930017875 0.178893495982211 0.146656243433847 0.0972316017139742
"ufb110" 0.676284614245521 0.0647130893821635 0.13657903321155 0.173279963178077 0.103638208848051
"ufb111" 0.783076429030186 0.0253130776002301 0.778786762482138 0.162018487428387 0.0767512521721697
"ufb112" 0.560911841698939 0.0665233858284674 0.0207441099219153 0.127853863445026 0.0639680685523922
"ufb113" 0.576879774710708 0.0710858474339104 0.0205856976149091 0.134028033779028 0.0633379486488805
"ufb114" 0.703254581376365 0.0490260301850761 0.375198931244716 0.185767340681117 0.117468993074522
"ufb115" 0.72084770401619 0.0664457722251821 0.21779695243383 0.201565433293554 0.112821256375502
"ufb116" 0.715436111874167 0.0596142395321177 0.294429782070887 0.173837836265096 0.111514890871648
"ufb117" 0.676848368061696 0.0818495818529396 0.083640795223696 0.185903946757104 0.11113422237553
"ufb118" 0.590440012662235 0.0266364936303355 0.641981921742675 0.16883279611777 0.0773800814527948
"ufb119" 0.624157125401638 0.0353775429195771 0.494526827286372 0.164979628591103 0.0980892992664007
"ufb120" 0.714045895349012 0.0538598855586537 0.353851816510604 0.177220414785026 0.114198425672688
"ufb121" 0.581827410834328 0.0745420404031693 0.0105655882718256 0.137022099052816 0.0576912662466946
"ufb122" 0.588536822378011 0.0758796191972707 0.0104579352440274 0.141687269628083 0.0631910359329683
"ufb123" 0.621819478012185 0.0650513774395479 0.0833359272547115 0.147064588972874 0.0918665090445445
"ufb124" 0.698322072072072 0.0676760156933292 0.156461372122007 0.181289724263866 0.117312427739277
"ufb125" 0.878721996407978 0.0408986054846333 0.781042077920374 0.20175269299716 0.123051649878634
"ufb126" 0.643172823726882 0.0838128757515749 0.0211177495616949 0.17031374995977 0.0792502596924823
"ufb127" 0.740007791195949 0.0506491607147238 0.471957789040166 0.194782272484382 0.128658736445755
"ufb128" 0.697767574806575 0.0990420927478071 0.010292575731282 0.190371197056608 0.0858154749043397
"ufb129" 0.624613329437058 0.0556351186574461 0.27967100245575 0.152638069270935 0.103470813370599
"ufb130" 0.637316642046497 0.0883848875087186 0.0211262430562994 0.162404437775584 0.0740864393425338
"ufb131" 0.65065561461484 0.0911353985381638 0.0211272739551448 0.166603373013213 0.0747162562592565
